Williams Trend Test
Data Source: P2_Perfluoro_3_methoxypropanoic_acid_Male_Heart-expression1
Work Source: null
BMDExpress3 Version: BMDExpress 3.20.119 BETA
Timestamp (Start Time): 12/14/2025 07:34.23
Number of Permutations: 10000
Unadjusted P-Value Cutoff: 0.05
Multiple Testing Correction: false
Filter Out Control Genes: true
NOTEL/LOTEL Test: T-Test
NOTEL/LOTEL p-Value Threshold: 0.05
NOTEL/LOTEL Fold Change Threshold: 2.0
Total Run Time: 15 seconds

Chip: BioSpyder S1500_Rat
Provider: BioSpyder

=== Experiment Description ===
Experiment Type: in vivo
Test Article: Perfluoro-3-methoxypropanoic acid | CAS: 377-73-1 | DSSTOX: DTXSID70191136
Subject Type: in vivo
Species: rat
Strain: Sprague-Dawley
Sex: male
Organ: heart
Article Route: oral
Article Vehicle: feed
Administration Means: dietary
Study Duration: 28d
Platform: BioSpyder S1500+ Rat
Provider: BioSpyder
Article Type: chemical
Chip File Creation Date: 10/31/24
Log Transformation: NONE
BMDExpress3 Version: BMDExpress 3.20.119 BETA
Timestamp: 12/14/2025 07:06.33

Probe ID	Gene ID	Gene Symbol	Unadjusted P-Value	Adjusted P-Value	Max Fold Change	Max Fold Change Unsigned	FC Dose Level 1	FC Dose Level 2	FC Dose Level 3	FC Dose Level 4	FC Dose Level 5	FC Dose Level 6	FC Dose Level 7	FC Dose Level 8	FC Dose Level 9	NOTEL/LOTEL T-Test p-Value Level 1	NOTEL/LOTEL T-Test p-Value Level 2	NOTEL/LOTEL T-Test p-Value Level 3	NOTEL/LOTEL T-Test p-Value Level 4	NOTEL/LOTEL T-Test p-Value Level 5	NOTEL/LOTEL T-Test p-Value Level 6	NOTEL/LOTEL T-Test p-Value Level 7	NOTEL/LOTEL T-Test p-Value Level 8	NOTEL/LOTEL T-Test p-Value Level 9	NOTEL	LOTEL
AATF_32691	114512	aatf	0.04329089128305583	0.31377598329862716	-1.482757	1.482757	-1.1416456	-1.1777319	-1.2016392	-1.0474588	-1.095269	-1.0771565	-1.482757	-1.2460924	-1.1718997	0.17920253	0.123608746	0.0366311	0.67778283	0.36832452	0.45105535	0.0013666141	0.1629255	0.11852186			
ACACA_32532	60581	acaca	0.039048562933597625	0.3065549087122691	-1.18326	1.18326	-1.0464436	-1.0202498	-1.0475259	-1.0375088	1.0186635	-1.0381484	-1.18326	-1.1059878	-1.1053253	0.36355025	0.683307	0.45166004	0.5309713	0.78704953	0.37775937	0.048076455	0.06375079	0.04964976			
ACADSB_7959	25618	acadsb	0.02241618726443166	0.27036274376583147	-1.0940179	1.0940179	-1.0797778	1.0410465	-1.0265067	-1.0015612	-1.0361613	-1.0111417	-1.093374	-1.035009	-1.0940179	0.046945453	0.17344864	0.5217312	0.96745944	0.19878623	0.70530295	0.043184444	0.26740605	0.067603685			
ACD_7963	307798	acd	0.003986446083316724	0.23979929539874026	-1.6204492	1.6204492	-1.0670474	-1.0646933	-1.0862306	-1.0108144	-1.1637987	-1.2666396	-1.2386509	-1.0902853	-1.6204492	0.56368244	0.5835253	0.58130807	0.9484938	0.24037403	0.117465846	0.22559154	0.47592834	0.010327726			
ACOT2_7969	192272	acot2	2.041649652919559E-4	0.1394808743169399	1.1995608	1.1995608	1.0375409	1.0009044	1.0023049	1.0337617	-1.064989	1.036462	1.096775	1.0501637	1.1995608	0.4518967	0.9847513	0.9520461	0.41691902	0.07174343	0.3337806	0.016089551	0.31106853	8.945388E-5			
ACOT3_7970	314304	acot3	0.023987099375125984	0.2708602486816422	-1.5552552	1.5552552	-1.2866418	-1.05392	-1.1138784	1.1115643	-1.1841017	-1.2909511	-1.128904	1.0008743	-1.5552552	0.3080593	0.71626097	0.5041534	0.43848264	0.2890967	0.18875578	0.57932794	0.99575204	0.029512051			
ADAM10_7983	29650	adam10	0.013213213213213212	0.25916007767187443	-1.2446053	1.2446053	-1.2446053	-1.0678762	-1.1458021	-1.1433997	-1.1417413	-1.1854688	-1.2352121	-1.1967752	-1.1311212	0.005040017	0.14392786	0.007686536	0.068392426	0.111117594	0.012131402	0.008023654	0.0658634	0.016303267			
ALAD_8017	25374	alad	0.034489593657086225	0.29223132882892144	-1.3768917	1.3768917	-1.2601238	-1.2365476	-1.1101264	-1.0554897	-1.2186205	-1.1576164	-1.3768917	-1.2269192	-1.3314856	0.07088138	0.044922225	0.39028463	0.58424723	0.14895661	0.15203874	0.05207325	0.05585024	0.15029201			
AMDHD2_8039	302972	amdhd2	0.0031237797735259665	0.23133567463464372	-2.0305278	2.0305278	-1.4829576	-1.3465376	-1.2123032	-1.0673379	-1.4112552	-1.2782996	-1.2285763	-2.0305278	-1.5549133	0.09934317	0.025223084	0.13903198	0.64976877	0.04472277	0.16741844	0.08128799	2.331224E-4	0.0332639	30.0	100.0	
ANXA1_33262	25380	anxa1	0.008618961715774705	0.25916007767187443	-1.1441178	1.1441178	-1.0706116	-1.1012796	-1.0622615	-1.0759687	-1.0535939	-1.0960984	-1.1441178	-1.1111853	-1.1144669	0.18708707	0.09104378	0.235499	0.15442742	0.3319868	0.036333162	0.007339733	0.024903039	0.018234627			
ANXA4_32944	79124	anxa4	0.025442258000397535	0.27200571118749617	-1.1151935	1.1151935	-1.0171666	-1.0438179	-1.0352918	-1.0270913	-1.0169483	-1.0826404	-1.1151935	-1.1020136	-1.0719234	0.6511516	0.21761218	0.3269069	0.5556359	0.7288068	0.003587393	0.002105084	0.0023743825	0.011297575			
APBB1IP_33101	307171	apbb1ip	0.0462026571485227	0.31377598329862716	-1.3688995	1.3688995	1.00709	-1.1518859	-1.0087731	-1.0346282	-1.1235683	-1.0339636	-1.3688995	-1.3467594	-1.2572668	0.93328774	0.1358586	0.93573195	0.6908757	0.31646293	0.5871608	0.11471496	0.09102659	0.13609			
APPBP2_8068	303396	appbp2	0.015450811656561706	0.25916007767187443	-1.0943227	1.0943227	-1.0108185	1.0529286	-1.0482217	-1.0114864	-1.0001627	-1.0224766	-1.0428362	-1.0616323	-1.0943227	0.78523356	0.18801846	0.2721795	0.8511173	0.99714607	0.4976402	0.33291715	0.09685354	0.045552265			
ARCN1_8074	300674	arcn1	0.02082093991671624	0.26667910447761195	-1.1012377	1.1012377	-1.0292455	-1.0137212	-1.0641876	-1.0086176	-1.0091085	-1.0694413	-1.1012377	-1.0651966	-1.0843208	0.41510335	0.74124765	0.1511891	0.8245329	0.7278114	0.029957639	0.01618035	0.06305089	0.014127066			
ARF1_32413	64310	arf1	0.007887990534411358	0.25916007767187443	-1.0524355	1.0524355	-1.0343424	-1.0179597	-1.0185885	-1.0066255	-1.0028872	-1.0341617	-1.0435865	-1.0327513	-1.0524355	0.027212579	0.53796315	0.14677766	0.788493	0.8711171	0.028489845	0.09402148	0.042408757	0.0049255337			
ARHGAP30_32923	498282	arhgap30	0.04141535987133092	0.3100910787791014	-1.2777923	1.2777923	1.0327361	-1.1116672	-1.0361841	-1.07471	-1.0994555	1.0051826	-1.2777923	-1.1259613	-1.1087074	0.5225232	0.1504593	0.6737466	0.39116448	0.30527973	0.8996547	6.6842977E-4	0.013807833	0.11706837			
ARHGAP9_32400	362893	arhgap9	0.020710059171597635	0.26667910447761195	-1.7830842	1.7830842	-1.1493734	1.0314183	-1.1830846	-1.2849604	-1.3743908	-1.2439032	-1.7830842	-1.3171271	-1.620999	0.38408837	0.88418657	0.33755243	0.17665766	0.17955227	0.14596315	0.046475023	0.12854712	0.016364317			
ARHGDIB_32723	362456	arhgdib	0.01123370110330993	0.25916007767187443	-1.1360105	1.1360105	-1.0212674	-1.0704584	-1.0417656	-1.090011	-1.0089384	-1.0699668	-1.0995522	-1.0577742	-1.1360105	0.5779493	0.24513261	0.4036798	0.12286253	0.8673769	0.10448026	0.07103922	0.22002636	0.008798171			
ATF4_8096	79255	atf4	0.007011217948717949	0.25916007767187443	-1.1837547	1.1837547	-1.0704322	-1.0675496	-1.130163	-1.0383613	-1.0701225	-1.1397189	-1.1626065	-1.1837547	-1.1177671	0.20209645	0.2203197	0.1515783	0.30852112	0.065767996	6.8755297E-4	0.02296052	0.0020303247	0.0057917717			
ATF6B_32767	406169	atf6b	0.044835078016985976	0.31377598329862716	-1.3440763	1.3440763	-1.1914713	-1.1337929	-1.3130505	-1.1290157	-1.0044523	-1.3440763	-1.3152596	-1.2649856	-1.2697023	0.25578794	0.17009082	0.020046448	0.2765429	0.9557995	0.09504635	0.08087568	0.0027860992	0.0030438676			
ATG3_8099	171415	atg3	0.00874056416368693	0.25916007767187443	-1.1100043	1.1100043	-1.0813582	-1.0249712	-1.062526	-1.004462	-1.0396732	-1.0605788	-1.1100043	-1.10041	-1.0536913	0.020766092	0.3906396	0.11565441	0.8957139	0.25856876	0.015507936	0.002003823	0.0012957308	0.041117966			
ATP2C1_8107	170699	atp2c1	0.006814992984566046	0.25916007767187443	-1.1220151	1.1220151	-1.0344293	1.0007281	-1.0533955	1.0334003	1.0095428	-1.0315925	-1.0546484	-1.0673416	-1.1220151	0.44029	0.9880698	0.2615601	0.46600962	0.8527422	0.49808425	0.27605698	0.16712499	0.029277164			
B4GALT1_8124	24390	b4galt1	0.04745762711864407	0.31544775022281846	-1.2208033	1.2208033	-1.0775313	-1.0307068	-1.1242344	-1.0600022	-1.0751816	-1.1242199	-1.2208033	-1.160668	-1.0982295	0.3121008	0.5571897	0.22568184	0.41116402	0.21109076	0.071951546	0.021492003	0.05095799	0.072671875			
BACE2_8127	288227	bace2	0.022905364677516575	0.27036274376583147	-1.2189256	1.2189256	-1.1176442	-1.1176866	-1.1352723	-1.153395	1.012794	-1.1874135	-1.1726466	-1.1393545	-1.2189256	0.14008635	0.34981027	0.21948712	0.12802185	0.87693363	0.038870476	0.07696161	0.15467137	0.019371409			
BAG3_8129	293524	bag3	0.013	0.25916007767187443	-1.1449758	1.1449758	-1.0280973	-1.0475175	-1.0547718	-1.060957	-1.1077738	-1.0559591	-1.1449758	-1.0851197	-1.0493815	0.45449108	0.25041407	0.082104504	0.08589578	0.013109027	0.051434834	0.0028866392	0.008731827	0.18831599			
BAMBI_8130	83837	bambi	0.004198320671731308	0.23979929539874026	-1.321573	1.321573	-1.0888392	-1.0999777	-1.1871113	-1.0693041	-1.0593256	-1.2586982	-1.1683074	-1.1412674	-1.321573	0.036017094	0.18122745	0.0840638	0.61288095	0.50994974	0.017302243	0.01819027	0.0043509835	3.5449633E-5			
BANF1_8131	114087	banf1	0.04525691699604743	0.31377598329862716	-1.109116	1.109116	-1.0637164	-1.0575052	-1.0660113	-1.0521065	-1.0495334	-1.065952	-1.1088154	-1.0432388	-1.109116	0.17513476	0.32857504	0.25817114	0.13503066	0.35884887	0.0962979	0.07476674	0.28732017	0.02404306			
BCL2A1_8136	170929	bcl2a1	0.001597763131615738	0.23133567463464372	-1.139209	1.139209	1.0546552	-1.0745676	-1.0169312	-1.0845492	1.0425205	1.0014627	-1.0888066	-1.0665104	-1.139209	0.033467244	0.09207905	0.6142082	0.028582668	0.42286843	0.94954634	0.23874883	0.1805636	0.013282495			
BCL2L2_32990	60434	bcl2l2	0.019257494540401033	0.2657013773749926	-1.1578289	1.1578289	-1.0873195	-1.0689766	-1.0892825	-1.0667176	-1.0767251	-1.1563305	-1.1578289	-1.124333	-1.1331542	0.13413128	0.3170148	0.075704835	0.32305348	0.12951936	0.00742865	0.012760822	0.04570748	0.014351721			
BIRC2_8146	60371	birc2	0.01066772026866851	0.25916007767187443	-1.066194	1.066194	-1.013737	1.0059524	-1.0534168	-1.0093378	-1.0208093	-1.0014205	-1.0625952	-1.0383639	-1.066194	0.6632803	0.8534403	0.1061369	0.71633613	0.37470034	0.9484124	0.036641143	0.1471299	0.017223224			
C1S_8172	192262	c1s	0.02510460251046025	0.2719114822929215	-1.1452609	1.1452609	-1.0947224	-1.0440481	-1.1287613	-1.1091256	-1.1059828	-1.0931171	-1.1452609	-1.1217803	-1.0445324	0.13146298	0.24370475	0.04777853	0.019686777	0.056011274	0.018120248	0.0012173333	0.012442372	0.27692524			
CALU_8191	64366	calu	0.021704500199123854	0.26951758727644687	-1.04926	1.04926	-1.0163337	-1.0014144	-1.020207	-1.0235269	1.0002168	-1.0340891	-1.04926	-1.0395864	-1.0480311	0.37265974	0.95436656	0.21888413	0.39754376	0.9933184	0.029563915	0.014899694	0.01810105	0.0054528895			
CAMSAP2_8192	289400	camsap2	0.03392892993374824	0.29209496085123465	-1.0968182	1.0968182	-1.0119976	1.0229905	-1.0328245	1.0267963	-1.0410587	-1.032586	-1.0968182	-1.0523139	-1.0597924	0.76351386	0.30871093	0.16154401	0.21182854	0.22983085	0.11807231	0.021014242	0.08384853	0.06182326			
CASQ1_32992	686019	casq1	8.233841086867024E-4	0.23133567463464372	-1.2316353	1.2316353	-1.002603	1.0320404	-1.0360082	-1.0136309	-1.0271988	-1.0492413	-1.0538157	-1.0972309	-1.2316353	0.9634211	0.3362399	0.3390855	0.72944045	0.49930263	0.44751388	0.14866713	0.08363155	0.0012247487			
CAST_8205	25403	cast	0.0035721373288350863	0.23530014275745956	-1.0758308	1.0758308	-1.027728	-1.0026692	-1.04619	1.0042919	-1.0182452	-1.0329144	-1.0579877	-1.0547656	-1.0758308	0.28808883	0.9196809	0.13369852	0.85964316	0.51112896	0.1053674	0.03930823	0.01533502	0.0032436613			
CCDC86_8215	293738	ccdc86	0.00921474358974359	0.25916007767187443	-1.2762232	1.2762232	1.0341889	1.0165519	-1.0809585	1.0632623	1.1056443	-1.0576057	-1.1297044	-1.0756123	-1.2762232	0.7342333	0.87959254	0.36554435	0.4094719	0.22905938	0.47345138	0.15152103	0.42249376	0.09422396			
CCND2_33278	64033	ccnd2	0.014303228442991417	0.25916007767187443	-1.1875633	1.1875633	-1.0210681	-1.0152717	-1.0399919	-1.0302306	-1.1875633	-1.128479	-1.139068	-1.1826496	-1.129499	0.6907805	0.5768085	0.52592486	0.57102215	0.0052749077	0.02163353	0.047069002	0.035881188	0.014825336			
CCND3_8225	25193	ccnd3	0.032388663967611336	0.2900774202713261	-1.2727422	1.2727422	-1.0698512	-1.0661191	-1.1250172	-1.1676487	-1.0494606	-1.1061447	-1.1959146	-1.2727422	-1.1441377	0.36501455	0.5028537	0.16684434	0.05243761	0.5834812	0.1612486	0.04231414	0.07965587	0.16750091			
CCRN4L_8232	310395	noct	0.020895522388059702	0.26667910447761195	1.5084252	1.5084252	1.2864413	1.3426098	1.1621637	1.5084252	-1.2330902	1.3412007	1.0930012	1.0918486	1.4367179	0.06604135	0.10289728	0.3914185	0.0051521095	0.5299688	0.0737597	0.5958977	0.53650594	0.017899152			
CCT7_8237	297406	cct7	0.029371180760890993	0.2793013106850482	-1.080812	1.080812	1.0099286	1.0179884	-1.0212919	1.0262914	1.0014449	1.0125426	-1.0488566	-1.0191834	-1.080812	0.7824746	0.6272325	0.48351547	0.52832884	0.9713346	0.7182107	0.1292949	0.64674675	0.097315334			
CD37_33149	29185	cd37	0.03111111111111111	0.2836111111111111	-1.103698	1.103698	1.0047853	-1.0096517	1.0689298	-1.0246311	-1.0051925	-1.0286633	-1.0554684	-1.103698	-1.0775399	0.9023353	0.79233813	0.061864994	0.63000995	0.91082525	0.31053004	0.124537945	0.032287687	0.1484139			
CD97_8254	361383	adgre5	0.01696969696969697	0.25916007767187443	-1.1026976	1.1026976	-1.0159199	-1.0409454	-1.0287943	-1.0742859	-1.008887	-1.0486649	-1.0985564	-1.057739	-1.1026976	0.5905275	0.23856845	0.50635254	0.19935845	0.847376	0.1767507	0.041495882	0.06597919	0.006329555			
CDC20_8255	64515	cdc20	0.018343075992743398	0.26011500817487515	-1.4693512	1.4693512	1.1132946	1.0623974	-1.1218027	1.1253879	1.082704	-1.0228356	-1.224737	-1.4693512	-1.1628944	0.25574383	0.51745534	0.3087173	0.13917106	0.44379574	0.8519109	0.115940146	0.028775914	0.30634528			
CDCA4_8261	500727	cdca4	0.033444816053511704	0.2907393513624118	-2.2864287	2.2864287	-1.1608056	-1.2483685	-1.2684287	-1.2821426	-1.1987841	-1.3673257	-1.6777287	-2.2864287	-1.2967935	0.3157281	0.14765294	0.35933512	0.24285989	0.12932836	0.24115224	0.028113233	0.005680708	0.05472618	30.0	100.0	
CENPQ_8290	363198	cenpq	0.03752978554408261	0.3017158349646326	-1.825945	1.825945	1.493495	1.1975336	1.0693985	1.0485168	1.6330533	-1.0821298	1.0137398	1.077802	-1.825945	0.013421137	0.6100804	0.8352406	0.8588463	0.011680551	0.8129134	0.972305	0.66871256	0.049259618			
CERK_8293	300129	cerk	0.02237180756285884	0.27036274376583147	-1.3383806	1.3383806	-1.03963	-1.1500615	-1.0809488	-1.1173626	-1.1545784	-1.0752919	-1.3383806	-1.2144274	-1.1102943	0.6427343	0.12914015	0.3885877	0.23067181	0.15869902	0.31117606	0.005439905	0.030758845	0.18084429			
CFLAR_8297	117279	cflar	0.024854680296652637	0.27140779233029244	-1.1310688	1.1310688	1.0042949	-1.0014902	1.0027571	1.044078	1.0427588	-1.1064575	-1.1074196	-1.0334846	-1.1310688	0.9271045	0.983899	0.9408498	0.43754575	0.20575975	0.1739657	0.026841631	0.35656476	0.09788053			
CHKB_8309	29367	chkb	0.0376953125	0.30185814950980394	-1.0792265	1.0792265	-1.0175818	-1.0002435	-1.025255	1.0164247	-1.0177754	-1.0213449	-1.0792265	-1.0513569	-1.078687	0.54002094	0.9948213	0.37581342	0.6653739	0.5132097	0.48885363	0.059405886	0.046819773	0.05599833			
CHMP6_8311	287873	chmp6	0.04856512141280353	0.31544775022281846	-1.5866092	1.5866092	-1.0331483	-1.1449008	-1.0638447	-1.0945272	-1.0489691	1.000641	-1.5866092	-1.2205173	-1.0860239	0.6447273	0.06802411	0.60272765	0.4491401	0.5086366	0.9897386	0.04509889	0.010292612	0.31916037			
CHN3_8312	84030	chn1	0.01767131356764186	0.25916007767187443	1.6109948	1.6109948	1.3601024	1.4809452	1.6109948	1.2334611	1.5010556	1.5530434	1.3470575	1.1009346	1.5422359	0.124469586	0.039196793	0.014095503	0.41519505	0.07236375	0.022315433	0.26684555	0.66039073	0.0194471			
CHSY1_8317	292999	chsy1	0.04338220526210082	0.31377598329862716	-1.1535351	1.1535351	1.0075967	1.0042795	-1.0482385	-1.0325366	1.0009924	-1.0379215	-1.1535351	-1.1113396	-1.0667197	0.8624345	0.92013764	0.25166738	0.5842093	0.9878264	0.31328192	0.014086141	0.038746454	0.10590766			
CIRBP_8321	81825	cirbp	0.01568705321683876	0.25916007767187443	-1.1191263	1.1191263	-1.0397356	-1.0201063	-1.0516602	-1.0211185	1.0205239	-1.1073049	-1.112187	-1.0822817	-1.1191263	0.33786762	0.741285	0.25128174	0.5345283	0.60687304	0.00887947	0.066120535	0.03690758	9.5590675E-4			
CLIC4_8332	83718	clic4	0.029299618703592215	0.2793013106850482	-1.0605894	1.0605894	-1.0240476	-1.0076388	-1.0369885	-1.0023941	-1.04859	-1.0412997	-1.0605894	-1.0464553	-1.0393667	0.20527187	0.7178328	0.10283649	0.9041906	0.02637684	0.091963165	0.06379275	0.031996317	0.024345553			
CNN2_32878	690976	cnn2	0.016786570743405275	0.25916007767187443	-1.0890443	1.0890443	-1.0132862	-1.0137606	-1.0093865	-1.0174669	1.0073936	-1.0465105	-1.0526468	-1.0473475	-1.0890443	0.5758334	0.7353494	0.74865	0.59869957	0.86544174	0.20220467	0.11698899	0.13478483	0.0054036966			
COL4A2_8356	306628	col4a2	0.030364785001018954	0.2793013106850482	-1.0832298	1.0832298	-1.0021399	1.0004787	-1.0106348	-1.0154554	-1.0832298	-1.0237889	-1.042731	-1.0383265	-1.0726532	0.9235078	0.98188967	0.69385654	0.50876206	0.09587932	0.3738292	0.36476487	0.14158921	0.070055686			
CORO1A_8364	155151	coro1a	0.02963841138114997	0.2793013106850482	-1.1249973	1.1249973	-1.0216845	1.0106273	-1.0216635	1.0106602	-1.0491608	-1.0006107	-1.1249973	-1.0848457	-1.1038761	0.44243175	0.79393536	0.6672991	0.6801555	0.41850734	0.9891518	0.0025067087	0.0067454833	0.01755758			
CRIP1_32865	691657	crip1	0.01733758469509765	0.25916007767187443	-1.1046249	1.1046249	-1.0422051	-1.060451	-1.0327482	-1.1046249	1.0228156	-1.055978	-1.0610639	-1.0536712	-1.0877205	0.20843723	0.26608148	0.36111036	0.015823834	0.59033996	0.07946152	0.08299568	0.14839077	0.018617513			
CRK_8382	54245	crk	0.020812487492495497	0.26667910447761195	-1.1473752	1.1473752	-1.0172095	-1.012048	-1.0742551	1.0022441	-1.079943	-1.0947397	-1.092569	-1.1473752	-1.1142122	0.7645998	0.75710636	0.15706468	0.9548408	0.034223452	0.11559688	0.07492619	0.051037952	0.019496923			
CSGALNACT2_8391	297554	csgalnact2	0.04202350129456284	0.3100910787791014	-1.1518452	1.1518452	-1.0913517	-1.028753	-1.0797449	-1.0384444	-1.0238382	-1.1518452	-1.1117212	-1.0891123	-1.132065	0.1946496	0.52920187	0.18613376	0.44154525	0.75176513	0.020186607	0.01802983	0.13490728	0.00592664			
CSRNP1_32455	363165	csrnp1	0.009018036072144289	0.25916007767187443	-1.7546809	1.7546809	1.0381631	1.0834835	1.0813731	-1.0578053	1.0297968	-1.1131212	-1.5106292	1.015663	-1.7546809	0.82634276	0.53875065	0.6329297	0.7731544	0.8369847	0.58111507	0.0551703	0.93014205	0.06844342			
CSRP1_8396	29276	csrp1	0.003391182924396569	0.23221620175262558	-1.1923665	1.1923665	-1.042795	-1.04481	-1.0417414	-1.0656691	1.0216686	-1.0999268	-1.1502197	-1.1530287	-1.1923665	0.42541558	0.48148346	0.3566035	0.33082515	0.7639521	0.067955926	0.02763308	0.014206986	0.006102524			
CTCF_32905	83726	ctcf	0.008321775312066574	0.25916007767187443	-1.1608294	1.1608294	-1.0489149	-1.0395105	-1.0443171	-1.0166745	-1.1254965	-1.0899673	-1.1608294	-1.1115857	-1.0821358	0.21676502	0.29271546	0.22665076	0.76205075	8.600989E-4	0.0049879733	0.0033285148	7.583222E-4	0.08555511			
CTNNB1_8400	84353	ctnnb1	0.007042253521126761	0.25916007767187443	-1.1014485	1.1014485	-1.0222958	-1.0245719	-1.0523654	1.0088693	-1.0341507	-1.0645561	-1.1014485	-1.0769308	-1.0731614	0.40906498	0.3843789	0.12577341	0.74000597	0.28979167	0.052446052	0.062117465	0.028544096	0.023762096			
CTNND1_8401	311163	ctnnd1	0.048273155416012556	0.31544775022281846	-1.0682571	1.0682571	-1.0287026	1.0173715	-1.0411975	1.0140957	-1.0224631	-1.038854	-1.0682571	-1.0569988	-1.0442408	0.19255525	0.53063303	0.11399657	0.6726327	0.474554	0.097615495	0.03058388	0.021830607	0.13941033			
CTSC_32456	25423	ctsc	0.04594330400782014	0.31377598329862716	1.0505166	1.0505166	-1.0240685	1.0163633	1.0019476	1.025273	1.0505166	1.0013661	-1.0340785	-1.0277648	-1.0423259	0.091125295	0.5929198	0.86092144	0.46603045	0.07565138	0.9503505	0.11443044	0.049522996	0.054709084			
DAXX_8438	140926	daxx	0.008175473579262214	0.25916007767187443	-1.1387719	1.1387719	-1.002084	-1.044563	-1.0701917	1.0027586	-1.0311866	-1.0699761	-1.1387719	-1.0898312	-1.1152104	0.9430876	0.3717032	0.16076288	0.9560803	0.246352	0.06876317	0.015521286	0.016227785	0.0036503414			
DCN_8441	29139	dcn	0.014025245441795231	0.25916007767187443	-1.0566115	1.0566115	-1.0135509	-1.0211242	-1.0254507	-1.0358242	1.006408	-1.0249336	-1.0413121	-1.0367986	-1.0566115	0.47224876	0.36773634	0.16900128	0.22754484	0.79302347	0.0855843	0.08202473	0.12516497	0.0029766862			
DDX10_8452	300710	ddx10	0.023101018010963197	0.2708602486816422	-1.0985808	1.0985808	-1.0454983	1.0128788	-1.0589879	-1.0128795	-1.0036142	-1.0149066	-1.0976539	-1.0985808	-1.0708613	0.18159917	0.7170452	0.07490443	0.713799	0.91043216	0.62137437	0.027128618	0.049018707	0.025872596			
DDX21_8454	685025;317399	ddx21-ps1;ddx21	0.011390416339355853	0.25916007767187443	-1.1131654	1.1131654	-1.0551527	-1.0015488	-1.044874	1.0046074	-1.0198655	-1.0646852	-1.1131654	-1.0915183	-1.0936774	0.14223339	0.96657264	0.34269264	0.9101041	0.60217017	0.076637626	0.05608625	0.03272681	0.038406085			
DECR1_8458	117543	decr1	0.014028056112224449	0.25916007767187443	1.0575268	1.0575268	-1.030333	1.0173584	1.0100243	1.0575268	1.0265127	1.0034864	1.0285567	1.0378026	1.0496054	0.15795888	0.51619303	0.724944	0.014468233	0.22126622	0.89888316	0.12079143	0.15796703	0.050328895			
DFFB_8464	84359	dffb	0.041996830427892234	0.3100910787791014	-1.5465137	1.5465137	-1.1546851	-1.1741148	-1.12085	-1.1645126	-1.2183478	-1.173341	-1.5465137	-1.1293081	-1.172282	0.07622338	0.012417689	0.27587017	0.19388889	0.039378062	0.027184593	0.06258085	0.15703993	0.03956703			
DLGAP5_8475	289997	dlgap5	0.0021886191802626344	0.23133567463464372	-1.3898546	1.3898546	-1.0069333	-1.2961807	-1.1213764	-1.0954448	-1.0313814	-1.0744193	-1.186259	-1.1251938	-1.3898546	0.90970576	0.0046408344	0.27021214	0.34550083	0.6459598	0.53724486	0.0457148	0.08070484	0.03483293			
DNMT1_8488	84350	dnmt1	0.04024583663758922	0.3066492478132731	-1.1918808	1.1918808	-1.0162315	1.0106444	-1.0720593	-1.0245107	-1.0267422	-1.0254254	-1.1918808	-1.1502651	-1.0937274	0.64857185	0.83130854	0.26155487	0.739953	0.6545581	0.58775485	0.090061635	0.027022187	0.033714905			
DNMT3A_8489	444984	dnmt3a	0.01300260052010402	0.25916007767187443	-1.2241912	1.2241912	1.0333478	-1.0167313	-1.0589039	-1.0277644	-1.0350766	-1.1101583	-1.2241912	-1.0788568	-1.0518398	0.39297673	0.6417172	0.11302587	0.5509902	0.3305432	0.08796407	0.012516537	0.10947768	0.09666754			
DSCC1_8498	299933	dscc1	0.004462474645030426	0.23979929539874026	-2.0855982	2.0855982	-1.1657014	-1.0401175	-1.9376165	-1.2016383	-1.1046288	-1.0225308	-1.3428334	-1.3879403	-2.0855982	0.23719868	0.74912834	0.04976615	0.09764966	0.46116552	0.884116	0.021530313	0.02477675	0.05984677			
EAPP_8512	299043	eapp	0.04095427435387674	0.3100910787791014	-1.0395354	1.0395354	1.0022264	-1.0201008	-1.0229938	-1.0238886	1.0148952	-1.010192	-1.0395354	-1.0257004	-1.0365951	0.8807138	0.41164047	0.14702918	0.21456645	0.40546694	0.3749388	0.038634792	0.07023138	0.015058052			
ECI1_8520	29740	eci1	0.0075247524752475245	0.25916007767187443	1.0787966	1.0787966	1.0167284	1.0008066	1.0123342	1.0187707	-1.0462508	1.0204778	1.0354939	1.0379506	1.0787966	0.5122108	0.98016375	0.66631114	0.6699892	0.15706737	0.432507	0.20098057	0.23200925	0.010589345			
EGR1_8533	24330	egr1	0.004206730769230769	0.23979929539874026	-1.3278774	1.3278774	-1.1008765	-1.1041157	-1.186351	-1.1570805	-1.1012944	-1.1526548	-1.3221879	-1.3278774	-1.275937	0.15726386	0.31198624	0.13050555	0.109620124	0.26480058	0.13975407	0.028297357	0.0028406084	0.0055541475			
EIF5_8552	108348073;295660	eif5;eif5-ps1	0.03417621493480837	0.29209496085123465	-1.0507228	1.0507228	1.0038841	1.0486008	-1.0084381	1.0477648	1.0157583	1.0002402	-1.0507228	-1.0149536	-1.0014037	0.8035324	0.024455858	0.6177454	0.08043474	0.28092873	0.98471856	0.008261827	0.22054599	0.9016087			
EMP1_32450	25314	emp1	0.017189686188287027	0.25916007767187443	-1.1622871	1.1622871	-1.0114882	-1.0002079	-1.1132934	-1.0945086	-1.0274633	-1.0538036	-1.1622871	-1.1387328	-1.1196699	0.8015744	0.99598753	0.077467605	0.15581189	0.6386476	0.10496353	0.023200821	3.3351977E-4	0.018997917			
ENG_32663	497010	eng	0.014632190819803569	0.25916007767187443	-1.2872022	1.2872022	-1.1292446	-1.071373	-1.1674458	-1.0769612	-1.0723459	-1.2219625	-1.2872022	-1.1820296	-1.2280245	0.12238705	0.3730296	0.050317336	0.3169582	0.5067242	0.010501961	0.0028497805	0.032743204	0.015029327			
ERBB2_8570	24337	erbb2	0.03418803418803419	0.29209496085123465	-1.8571147	1.8571147	-1.3236015	-1.3104507	-1.5569845	-1.0432674	-1.2006626	-1.6087984	-1.1797999	-1.5633413	-1.8571147	0.36117643	0.29206336	0.15400322	0.80869615	0.43551272	0.06297358	0.39468086	0.05269916	0.04351074			
ERO1L_8573	171562	ero1a	0.033165829145728645	0.2907393513624118	-1.0691781	1.0691781	-1.0036397	1.0155826	-1.0324259	-1.0041063	-1.0169512	-1.0212617	-1.0691781	-1.058181	-1.046555	0.8726852	0.5860206	0.2864031	0.85235596	0.49825618	0.30041775	0.063870974	0.10522806	0.030556059			
ESR1_33192	24890	esr1	0.031736644983244626	0.2880276846923801	-2.0198486	2.0198486	-1.4134468	-1.2464342	-1.5533577	1.0220239	1.1173568	-1.2335894	-2.0198486	-1.3792709	-1.577956	0.057315048	0.27300316	0.09335707	0.9249845	0.48202217	0.10247926	0.020398358	0.05321134	0.011525692	10.0	30.0	
EVI2B_32891	100910940	evi2b	0.04716227018385292	0.31544775022281846	-1.1809314	1.1809314	-1.0251805	-1.1621187	-1.0630147	-1.0183524	-1.0779305	-1.1583031	-1.1809314	-1.1136631	-1.0807045	0.5804844	0.0043471	0.25923747	0.70833623	0.36541322	0.0019536184	0.1178606	0.009659839	0.12558575			
EXOSC8_8581	295050	exosc8	0.0016080402010050252	0.23133567463464372	-1.0963514	1.0963514	-1.0236938	-1.030015	-1.029386	-1.0196574	1.0202025	-1.0608363	-1.0591232	-1.0441415	-1.0963514	0.45329046	0.42671764	0.325499	0.54594326	0.47324437	0.027422605	0.028070573	0.1625636	0.0023868745			
FAM183B_33213	287346	cfap144	0.028930566640063847	0.2793013106850482	4.8197646	4.8197646	3.4444723	4.328263	-1.2584493	3.2963517	2.6267092	3.3480794	3.335067	1.7532493	4.8197646	0.19122657	0.09007131	0.78507817	0.119980164	0.14857596	0.2216286	0.22992036	0.42221734	0.04268642	100.0	300.0	
FAM63A_8604	310665	mindy1	0.005120126033871603	0.25916007767187443	-1.110513	1.110513	-1.0473294	-1.0031668	-1.0525559	-1.0041755	-1.029074	-1.0641038	-1.09664	-1.0514116	-1.110513	0.15878172	0.93127346	0.20507531	0.932172	0.38271874	0.04888804	0.006083662	0.077435836	0.015757583			
FAT1_8613	83720	fat1	0.022718134298351428	0.27036274376583147	-1.2132586	1.2132586	-1.102431	-1.0049853	-1.0873604	1.0133505	-1.1332614	-1.0931305	-1.2132586	-1.168268	-1.0844891	0.09182549	0.8990646	0.09283861	0.7775371	0.10646695	0.094987385	0.033536155	0.023817398	0.114761434			
FBXO11_8619	301674	fbxo11	0.0240843949044586	0.2708602486816422	-1.0954226	1.0954226	-1.0002534	1.0425586	-1.0154228	1.0306355	-1.0100634	-1.0411955	-1.0954226	-1.0509603	-1.0279936	0.9924109	0.14688276	0.5922056	0.36451733	0.6966202	0.027076768	0.010727959	0.03241079	0.28821617			
FGF13_32529	84488	fgf13	0.0297427652733119	0.2793013106850482	-1.134984	1.134984	-1.0722474	-1.000387	-1.1025826	-1.0047346	-1.0379193	-1.0988595	-1.1031713	-1.134984	-1.1121286	0.08629806	0.9923086	0.03668327	0.8751271	0.40687862	0.04799461	0.17439976	0.011336272	0.12675838			
FIS1_8645	288584	fis1	0.021289295662554716	0.26835025767244897	-1.0656464	1.0656464	-1.0347376	-1.0301658	-1.0513734	-1.02325	-1.042331	-1.0521336	-1.0650256	-1.0656464	-1.0396298	0.086572915	0.37282372	0.007172256	0.16294986	0.19597758	0.006258731	0.02463288	0.01631422	0.023607846			
FMO5_33281	246248	fmo5	0.018693427784336875	0.26325503128010963	-1.6272486	1.6272486	-1.2868047	-1.1226858	-1.2256846	-1.1494161	1.0820767	-1.1591976	-1.6272486	-1.3304658	-1.2854767	0.03439614	0.3617328	0.0741091	0.41509873	0.5271946	0.31113032	0.008204254	0.035626292	0.042461067			
FOS_8657	314322	fos	0.03322060871295007	0.2907393513624118	-1.6322986	1.6322986	-1.1201901	-1.0408671	-1.2739288	-1.1606333	-1.1465238	-1.2127165	-1.4587575	-1.6322986	-1.3866609	0.58767897	0.8431857	0.2838096	0.48956862	0.54052913	0.38906553	0.12996027	0.078027055	0.15736759			
FXYD1_33322	58971	fxyd1	0.02530888800318852	0.2720039436974261	-1.1551034	1.1551034	-1.1551034	-1.0468056	-1.0585713	-1.0247415	-1.050815	-1.127148	-1.1321769	-1.1316571	-1.1384875	0.038889192	0.43122116	0.34774062	0.70885277	0.3889764	0.090972334	0.05553346	0.06561763	0.12358418			
GAA_8675	367562	gaa	0.02707474985285462	0.2793013106850482	-1.1192565	1.1192565	-1.0529871	1.0021769	-1.0572226	1.0416274	-1.0685644	-1.0566864	-1.1192565	-1.1098549	-1.0810783	0.3589946	0.9590065	0.09723934	0.46770784	0.081841536	0.11321755	0.018230135	0.013274849	0.040328965			
GAR1_8683	499709	gar1	0.038484909864290054	0.3057828246804681	-1.9904044	1.9904044	1.3178881	1.6303835	1.751602	-1.0182077	-1.1313555	-1.2858875	-1.9904044	-1.1678176	1.0602819	0.06549193	0.011149156	9.309938E-5	0.9534775	0.6865343	0.18314801	0.085690945	0.66208553	0.7875087			
GATA3_8690	85471	gata3	0.03713947056499407	0.3001138239855906	-1.663196	1.663196	1.0080118	-1.1770048	-1.1126578	1.0486486	-1.2977927	-1.0620077	-1.4400845	-1.663196	-1.2152414	0.9400944	0.23054387	0.45468056	0.7760855	0.07250941	0.5803151	0.011397151	0.016673243	0.096407056			
GJA1_8709	24392	gja1	0.004039587962027873	0.23979929539874026	-1.3140198	1.3140198	-1.1749815	-1.211039	-1.1885054	-1.1492097	-1.3140198	-1.0995065	-1.2827741	-1.2868619	-1.2071502	0.043572444	0.04296359	0.013000927	0.01769399	0.034173407	0.27858815	0.023018166	2.384049E-5	0.0040881485			
GNAQ_33018	81666	gnaq	0.03898945693256416	0.3065549087122691	-1.0744393	1.0744393	-1.0288562	-1.0151217	-1.022399	1.0142089	-1.017564	-1.067929	-1.0629946	-1.0564282	-1.0744393	0.38785708	0.6686918	0.50318635	0.71900696	0.60834724	0.0472509	0.09936649	0.11873657	0.032691512			
GNAS_8728	24896	gnas	0.0132	0.25916007767187443	-1.0774525	1.0774525	-1.0287187	-1.0412263	-1.0486462	-1.0305896	-1.0383916	-1.0701522	-1.0773383	-1.0560461	-1.0774525	0.43550685	0.2341503	0.14613022	0.443891	0.14695954	0.017871423	0.0073784287	0.05319936	0.010581225			
GNB2L1_8731	83427	rack1	0.045064805583250246	0.31377598329862716	-1.0348644	1.0348644	-1.0141609	-1.0099304	-1.0128531	-1.008849	1.0109526	-1.027463	-1.0219487	-1.0243148	-1.0348644	0.35596922	0.6557903	0.36078548	0.6216877	0.6218795	0.08160686	0.20484309	0.13477473	0.027382521			
GNB5_8733	83579	gnb5	0.016458457267499504	0.25916007767187443	-1.1451869	1.1451869	-1.0644426	-1.0610387	-1.0761919	-1.0569845	-1.0027119	-1.0837687	-1.1063163	-1.056402	-1.1451869	0.120351374	0.2878713	0.14453009	0.3268765	0.9622757	0.26094297	0.03976189	0.26443875	0.0029810164			
GPATCH4_8740	295228	gpatch4	0.04176706827309237	0.3100910787791014	-1.1496323	1.1496323	1.0223986	-1.0875154	-1.0319732	-1.0484842	-1.021049	-1.0321496	-1.0475231	-1.0407443	-1.1496323	0.4420958	0.39193174	0.60130394	0.37847713	0.7353052	0.45266217	0.39160585	0.5675345	0.019921442			
GPATCH8_8741	685233	gpatch8	0.010054293183189221	0.25916007767187443	-1.5253915	1.5253915	-1.0452858	-1.2364805	-1.0645624	-1.2587496	-1.5253915	-1.3689724	-1.3107849	-1.352747	-1.4270405	0.62225926	0.06551652	0.43228483	0.22799012	0.020165442	0.0042127483	0.103800334	0.033139445	0.004920557			
GSK3B_8754	84027	gsk3b	0.025167125442390876	0.2719114822929215	-1.119821	1.119821	1.0056617	-1.0131121	-1.1129571	1.0084255	-1.0534427	-1.1053121	-1.1093537	-1.119821	-1.0872643	0.90918106	0.71480775	0.044947132	0.84433484	0.2801597	0.018459328	0.036664438	0.024143338	0.061198834			
GSR_8755	116686	gsr	0.008894279361229027	0.25916007767187443	2.2823513	2.2823513	2.0139458	1.6914576	2.1318853	2.2823513	2.183814	1.8234714	1.8973806	1.313324	2.2749557	0.037974548	0.11280711	0.05039722	0.06568304	0.02036368	0.16838083	0.19283344	0.519951	0.010890264	0.0	0.01	
GSTP1_8762	24426	gstp1	0.030267295597484277	0.2793013106850482	-1.1609002	1.1609002	-1.0357144	-1.0766805	-1.0801876	1.0057588	-1.0436016	-1.09088	-1.1609002	-1.1001238	-1.0884374	0.21283871	0.19725327	0.06546577	0.9164511	0.40493798	0.03408747	0.01450768	0.008514346	0.07364342			
GTPBP8_8770	360714	gtpbp8	0.03943377148634985	0.3065549087122691	-1.0922537	1.0922537	-1.049232	1.0076437	-1.0644876	-1.0121019	1.0004128	-1.044477	-1.0922537	-1.0722008	-1.0627801	0.25647599	0.8371334	0.026344987	0.71865726	0.9894922	0.11875628	0.0079449685	0.012690845	0.063104056			
H2AFZ_33045	58940	h2az1	0.021777865769154622	0.26951758727644687	-1.0911765	1.0911765	1.0054618	-1.0365161	1.0100607	-1.0211191	1.0072637	-1.0474602	-1.08603	-1.0911765	-1.0824767	0.87224185	0.44117042	0.75736463	0.5044421	0.8771815	0.2400152	0.026369473	0.014618021	0.032566596			
HCST_32698	474146	hcst	0.034330455731780764	0.29209496085123465	-1.4242861	1.4242861	-1.1665138	-1.39342	-1.0970117	-1.4022311	-1.0593761	-1.2480664	-1.2682958	-1.1951272	-1.4242861	0.2324915	0.13192394	0.21344416	0.01634516	0.6728899	0.10849982	0.017131228	0.16161805	0.1019592			
HDAC2_8785	84577	hdac2	0.002410122514561157	0.23133567463464372	-1.0918683	1.0918683	-1.0350071	1.000133	-1.03536	-1.0400631	-1.0526351	-1.0918683	-1.071498	-1.0363759	-1.0380441	0.048613034	0.9939314	0.07136494	0.13205191	0.029555414	1.5367292E-6	0.018379228	0.006232665	0.007441345			
HES1_8796	29577	hes1	0.04420218037661051	0.31377598329862716	-2.5077388	2.5077388	-1.2144835	-1.1712707	-1.2166982	-1.1345962	-1.4761916	-1.7509863	-2.5077388	-1.4085226	-1.2553962	0.39537022	0.26719773	0.14993185	0.3116124	0.0025637858	0.07994251	0.026684372	0.06056638	0.24647069	10.0	30.0	
HMG20B_8806	362825	hmg20b	0.02775004991016171	0.2793013106850482	-1.1066186	1.1066186	-1.0494198	-1.0413253	-1.0730044	-1.0296158	-1.0677376	-1.0729662	-1.1066186	-1.0767809	-1.0841528	0.2269672	0.3549804	0.04818611	0.50405467	0.05935498	0.029803323	0.0064494708	0.048306383	0.0986149			
HSD3B_8835	360348;682974	hsd3b1;hsd3b3	2.0491803278688525E-4	0.1394808743169399	1.1501799	1.1501799	-1.018762	-1.0661728	-1.0753486	-1.0393807	-1.0820457	-1.0984678	-1.1092186	-1.075149	1.1501799	0.24941848	1.5087891E-4	1.1261317E-4	0.0029959704	2.3857354E-4	0.0058188234	0.008398276	0.0026463803	9.022763E-6			
HSPB1_8847	24471	hspb1	0.016613290632506005	0.25916007767187443	-1.1230311	1.1230311	-1.0545515	-1.0389221	-1.0359656	-1.1230311	-1.0890434	-1.079562	-1.0818295	-1.0222456	-1.1220797	0.20625956	0.47111315	0.35078013	0.08192526	0.029014504	0.051566027	0.18404885	0.5339024	0.065177485			
HTATSF1_8852	317612	htatsf1	0.030738916256157635	0.28147473988822375	-1.073121	1.073121	-1.0352597	-1.0096138	-1.0197159	-1.0295913	-1.0081655	-1.0597047	-1.073121	-1.0519434	-1.0544771	0.12537262	0.7862092	0.4189632	0.3820499	0.76836157	0.009945105	0.024619542	0.027671337	0.015275404			
HYOU1_8857	192235	hyou1	0.008632528938591328	0.25916007767187443	-1.1832862	1.1832862	-1.0874604	-1.0558654	-1.1742414	-1.0182023	-1.136333	-1.1165112	-1.1832862	-1.1368167	-1.1688989	0.10626199	0.43181822	0.05541285	0.72260976	0.027479215	0.030569943	0.032498702	0.025122568	0.029417427			
IARS_33171	306804	iars1	0.01774447949526814	0.25916007767187443	-1.079296	1.079296	-1.0088012	1.0552471	-1.0539407	1.0253217	-1.012835	-1.0571674	-1.079296	-1.0705327	-1.0591382	0.78712827	0.20475547	0.02529797	0.43594024	0.5422821	0.21885698	0.013138348	0.035596143	0.068399794			
ID2_8861	25587	id2	0.014801657785671996	0.25916007767187443	-1.1646326	1.1646326	-1.0605807	-1.083189	-1.0940732	-1.0157461	-1.0098946	-1.1230829	-1.1646326	-1.1191295	-1.124188	0.18279582	0.13667491	0.089193605	0.8387504	0.8382757	0.023788972	0.0038751313	0.060203638	0.013808657			
IER2_32643	494344	ier2	0.013849859494179044	0.25916007767187443	-1.2162366	1.2162366	-1.104075	-1.0830972	-1.0966524	-1.1398746	-1.023769	-1.1612914	-1.2162366	-1.1654459	-1.1216301	0.07938928	0.22059321	0.12190411	0.09203766	0.6447824	0.016087975	0.06868684	0.029672073	0.038251698			
IER3_8864	294235	ier3	0.0031720856463124504	0.23133567463464372	-1.4205987	1.4205987	-1.1886891	-1.1269449	-1.1339985	-1.0910982	-1.0715388	-1.1441711	-1.3936439	-1.2878346	-1.4205987	0.10469453	0.24659649	0.18319364	0.4255281	0.4769374	0.19545436	0.0072675617	0.09242184	0.022874776			
IGHMBP2_8884	29532	ighmbp2	0.026993865030674847	0.2793013106850482	-1.7604349	1.7604349	1.0976467	-1.5000421	-1.5768175	-1.7604349	-1.1631446	-1.272369	-1.3082263	-1.0505311	-1.6306788	0.42896992	0.18222149	0.13811876	0.009971076	0.4288312	0.24138713	0.13476932	0.76223457	0.060570076			
IL4R_8896	25084	il4r	0.032692688725975826	0.2907393513624118	-1.2189842	1.2189842	-1.0474843	-1.1062186	-1.0724099	-1.0717533	-1.0426381	-1.1620495	-1.1650301	-1.2189842	-1.1400366	0.31321964	0.18548611	0.292558	0.5378293	0.4333912	0.01567183	0.08582328	0.0047120075	0.010559899			
INPP1_8904	316376	inpp1	0.010882469331222795	0.25916007767187443	-1.1593364	1.1593364	-1.0511796	-1.1066575	-1.0658021	-1.0231601	-1.0441145	-1.108942	-1.1517025	-1.1040102	-1.1593364	0.31802756	0.13957359	0.2263751	0.71272486	0.37376526	0.028192995	0.0014510861	0.12579182	0.003555262			
ITGB1_8925	24511	itgb1	0.0066331658291457285	0.25916007767187443	-1.0574157	1.0574157	-1.0148954	-1.005611	-1.0291966	-1.0186746	-1.0195842	-1.0274156	-1.0574157	-1.0554373	-1.0550667	0.38793334	0.78305334	0.114426486	0.26532888	0.3503593	0.12072462	0.03826927	0.029510524	0.0015643686			
ITPR2_8931	81678	itpr2	0.017857142857142856	0.25916007767187443	-1.1475862	1.1475862	-1.0420581	-1.0299472	-1.0678532	-1.029125	-1.0440888	-1.092305	-1.125933	-1.1475862	-1.1079689	0.4401754	0.5427286	0.3453974	0.586595	0.21351887	0.0479202	0.026963074	0.004184952	0.032950386			
JAK2_8935	24514	jak2	0.014610069101678183	0.25916007767187443	-1.0716914	1.0716914	-1.020287	-1.0035383	-1.0398874	1.0022156	1.0027686	-1.0314319	-1.0716914	-1.052912	-1.0673958	0.43527174	0.91062564	0.18816435	0.93580645	0.92195004	0.18924344	0.017531587	0.031313624	0.017868755			
JMJD6_8937	360665	jmjd6	0.01132300357568534	0.25916007767187443	-1.5725206	1.5725206	-1.1820596	-1.2249056	-1.3180374	-1.1133143	-1.1557823	-1.2167301	-1.5725206	-1.2674165	-1.2306248	0.08145444	0.08261597	0.08495396	0.0942435	0.10393722	0.015894186	0.00779872	0.014330819	0.07219286			
KAT6A_8940	306571	kat6a	0.01521216973578863	0.25916007767187443	-1.1234506	1.1234506	1.0025691	-1.0300555	-1.0251878	-1.0107566	-1.0670458	-1.0178151	-1.1234506	-1.111815	-1.0458122	0.94000274	0.25109306	0.54552484	0.67953795	0.13633485	0.5037695	0.010117673	0.008028993	0.22094442			
KRT7_33211	300242	krt7	0.0396329558766107	0.3065549087122691	-3.751196	3.751196	-1.752216	-1.6008718	-1.611981	-1.2249587	-1.9736481	-1.3863353	-3.751196	-1.6269563	-1.6263065	0.057949785	0.11968559	0.07620785	0.6494841	0.009512073	0.11047162	0.001398195	0.035010356	0.01817388	10.0	30.0	
KRT8_8978	25626	krt8	0.03539127015336217	0.2958562735439003	-1.4072641	1.4072641	-1.3987019	-1.2363366	-1.3434064	-1.3287431	-1.0674142	-1.2493458	-1.2894058	-1.3780012	-1.4072641	0.02628536	0.12483647	0.04714866	0.30352926	0.5741362	0.054098416	0.066302985	0.039125785	0.009458388			
LGALS1_33266	56646	lgals1	0.020060180541624874	0.26667910447761195	-1.0854182	1.0854182	-1.0159552	-1.0360448	1.0066893	-1.0854182	1.0288813	-1.0384992	-1.0333754	-1.0232251	-1.0707064	0.4630011	0.3491527	0.73286283	0.010858309	0.46613735	0.08462783	0.22843808	0.3156842	0.020445658			
LMO4_32889	362051	lmo4	0.015544041450777202	0.25916007767187443	-1.1057851	1.1057851	-1.0505962	-1.0177785	-1.0768023	-1.0132806	-1.0426767	-1.0720783	-1.1057851	-1.0530378	-1.089817	0.14561462	0.5510066	0.15999459	0.6222576	0.20661974	0.09270215	0.0013648532	0.0789645	0.0034861325			
LOC100360552_9018	100360552	fzd7	0.046052631578947366	0.31377598329862716	-1.253069	1.253069	-1.0859678	-1.0626136	-1.1043065	-1.0544025	-1.028444	-1.1942713	-1.2380338	-1.253069	-1.2185808	0.4413535	0.52779895	0.30549636	0.65567696	0.7308195	0.09836606	0.05057051	0.08786678	0.050165348			
LOC100366216_9042			0.036585365853658534	0.2993252340171281	-1.4189216	1.4189216	-1.18719	1.0495867	-1.3856957	-1.0498054	-1.0364991	-1.0355164	-1.0096246	-1.4189216	-1.2230879	0.16332899	0.6467977	0.024177536	0.6832809	0.7610458	0.7249496	0.9323746	0.09165173	0.092536			
LOC100910898_33247	299053	brms1l	0.0442067016552281	0.31377598329862716	-1.1907492	1.1907492	-1.0542499	-1.0062236	-1.04468	-1.0389313	-1.1074702	-1.0230442	-1.1223232	-1.1907492	-1.1087861	0.38077214	0.92325723	0.4475525	0.30604532	0.1246686	0.65631574	0.0060753515	0.07978194	0.07224984			
LOC100912041_9098	100912041	loc100912041	0.019009100101112234	0.264058383717491	-1.1033365	1.1033365	-1.0425962	-1.0309681	-1.08002	-1.0113325	-1.0351353	-1.0530093	-1.0627631	-1.0422332	-1.1033365	0.21242179	0.2920486	0.1672715	0.7735453	0.3478424	0.1348262	0.24748926	0.06934837	0.0061223335			
LOC102549726_32764	102549726	loc102549726	0.02483608185972581	0.27140779233029244	-1.1195213	1.1195213	-1.0704147	-1.043462	-1.0847672	-1.0364256	1.0105386	-1.0740992	-1.110121	-1.1072506	-1.1195213	0.15805474	0.50383854	0.06987645	0.51356727	0.83984107	0.109112434	0.041187115	0.066809505	0.040407434			
LOC102553917_33088	102548633;102551714	znf431l;zfp120l2	0.028844279867472226	0.2793013106850482	-1.0843741	1.0843741	-1.0261099	-1.0149635	-1.0491066	-1.0074031	1.0236342	-1.0559516	-1.0843741	-1.0410693	-1.071291	0.17513631	0.7111673	0.041951973	0.8588416	0.36931574	0.009750924	0.03585567	0.1581009	0.0050025624			
LOC287167_9118	287167	hba-a3	0.049779205138498595	0.31544775022281846	-1.1065297	1.1065297	-1.0272142	-1.0868659	-1.0471255	-1.0677648	-1.0106152	-1.030002	-1.0092435	-1.02599	-1.1065297	0.49877203	0.08498224	0.330749	0.29725295	0.8002267	0.5466351	0.84836113	0.65279233	0.029901214			
LOC500183_9125	102551491	igkv8-30l1	0.042435058496926435	0.3116992426285028	-1.3006471	1.3006471	-1.0908045	-1.1821581	1.0003791	-1.0923333	-1.0884775	-1.0637647	-1.200733	-1.1802704	-1.3006471	0.46665612	0.20428017	0.9974947	0.5795127	0.38780543	0.60664105	0.11475027	0.0935738	0.018926037			
LOC679346_9130	102556031;679346	coa6;tarbp1	0.006492228998622861	0.25916007767187443	-1.5178404	1.5178404	-1.3726417	1.034879	-1.3433423	-1.060741	-1.2940736	-1.1414874	-1.5178404	-1.3538526	-1.4339051	0.035200715	0.72830546	0.015888052	0.65872824	0.044192687	0.112020046	0.01403648	0.03884877	0.012713531			
LOC680329_9133	680329	igll2	0.046251993620414676	0.31377598329862716	-1.8286707	1.8286707	1.0088041	-1.1822988	-1.079503	-1.0678086	-1.3385769	-1.3932465	-1.8286707	-1.3822838	-1.4237657	0.9507454	0.31285867	0.6669551	0.74246097	0.096067265	0.13427156	0.0070715314	0.041533343	0.13430098			
LRP10_9156	305880	lrp10	0.03198914307871268	0.2882744325037178	-1.1767087	1.1767087	-1.1148046	-1.0746204	-1.1371505	1.0178487	-1.0634924	-1.1767087	-1.1620729	-1.1240819	-1.1176552	0.07675085	0.21383923	0.09132068	0.8240793	0.23036383	0.03570754	0.038571127	0.04004788	0.042725127			
LSP1_32853	361680	lsp1	0.04820717131474104	0.31544775022281846	-1.0759988	1.0759988	-1.0086432	-1.0580201	-1.0224162	-1.0434172	-1.0236657	-1.0355096	-1.0535842	-1.055169	-1.0759988	0.7777419	0.09559636	0.545146	0.22727156	0.6092636	0.29931894	0.041032124	0.02100494	0.0052214023			
LTBP1_33264	59107	ltbp1	0.037029623698959166	0.3001138239855906	-1.1836914	1.1836914	-1.0699643	-1.0825287	-1.1029233	-1.0729514	-1.0262442	-1.1147146	-1.1836914	-1.1510428	-1.173547	0.29325786	0.37224472	0.23994716	0.45042443	0.7819673	0.06169727	0.011287929	0.03686955	0.013643058			
LUM_32586	81682	lum	0.03598713309207881	0.2975130598138661	-1.0771116	1.0771116	-1.0020744	-1.025248	-1.0039636	-1.0388997	1.0117012	-1.0428811	-1.0595186	-1.0446398	-1.0771116	0.94513243	0.395507	0.91622204	0.43204385	0.6362095	0.024179172	0.0019331002	0.1040619	2.8973923E-4			
LYZ2_32611	25211	lyz2	0.02906394066947284	0.2793013106850482	1.0625538	1.0625538	1.0413338	1.0049653	1.0429968	1.0382369	-1.0033827	1.0551357	1.0056214	1.0151782	1.0625538	0.059244595	0.76002026	0.10791567	0.09810388	0.92750865	0.0024068484	0.78818065	0.47288853	0.10569738			
MAP2K5_9180	29568	map2k5	0.0049504950495049506	0.25916007767187443	-1.1372799	1.1372799	-1.0651199	-1.0262126	-1.055294	-1.0185149	1.0078546	-1.0649662	-1.0650333	-1.1119678	-1.1372799	0.1807981	0.6066535	0.17177565	0.70129687	0.8367762	0.028520739	0.0955933	0.035140753	3.0941333E-4			
MAPK9_9192	50658	mapk9	0.02917981072555205	0.2793013106850482	-1.067119	1.067119	-1.0104977	1.0136997	-1.0361634	1.0101465	-1.0146941	-1.005703	-1.0551333	-1.067119	-1.0161171	0.59821945	0.5715723	0.021030428	0.4412691	0.4159139	0.73857033	0.015018271	0.012746768	0.15688449			
MBNL1_9201	282635	mbnl1	0.04151696606786427	0.3100910787791014	-1.04952	1.04952	1.007831	1.0091671	-1.0064008	1.004381	-1.0244863	-1.0177888	-1.04952	-1.022313	-1.0302399	0.5822584	0.5772378	0.62798184	0.7632503	0.19042206	0.39427474	0.0690762	0.20425954	0.024536354			
MBTPS1_9203	89842	mbtps1	0.015818982779335203	0.25916007767187443	-1.1365355	1.1365355	-1.034191	-1.0204151	-1.045447	-1.0163586	-1.0091026	-1.0627531	-1.0963798	-1.1088244	-1.1365355	0.4851208	0.70738435	0.44020152	0.7827017	0.8529593	0.17932098	0.12108234	0.056345124	0.015594752			
MCUR1_32908	291034	mcur1	0.04503441494591937	0.31377598329862716	-1.0935069	1.0935069	-1.033289	-1.0086356	-1.0239217	-1.0111912	-1.0208117	-1.0471869	-1.0652798	-1.0935069	-1.0605527	0.10960423	0.7568053	0.3795837	0.85840684	0.36963233	0.094244994	0.060891658	0.003836492	0.079645656			
MDM2_9214	314856	mdm2	0.02739182215164748	0.2793013106850482	-1.0715784	1.0715784	-1.0257716	1.0144906	-1.018286	1.0059336	-1.0016484	-1.0391452	-1.0715784	-1.0413839	-1.0645831	0.3748537	0.71118486	0.48172852	0.86728466	0.94537735	0.094933175	0.010818768	0.09762874	0.030674566			
MFAP5_32434	362429	mfap5	0.02108433734939759	0.2674174960712415	-1.1965741	1.1965741	-1.0851054	-1.1253082	-1.0511398	-1.1237972	1.0802909	-1.1066593	-1.1593963	-1.1356503	-1.1965741	0.2549152	0.19124421	0.5494071	0.26469693	0.25031966	0.08675221	0.021986326	0.091486864	0.010679272			
MGP_33209	25333	mgp	0.011004401760704281	0.25916007767187443	-1.1409181	1.1409181	-1.038777	-1.0950438	-1.0350033	-1.1322584	1.0516139	-1.0766517	-1.0551839	-1.0438948	-1.1409181	0.37831044	0.24518014	0.43755084	0.044151995	0.39167342	0.08336966	0.22727412	0.36784348	0.017766068			
MMRN2_32997	306288	mmrn2	0.002824288884405891	0.23133567463464372	-1.403547	1.403547	-1.0995579	-1.0888844	-1.1306008	-1.2239783	-1.014208	-1.1754925	-1.1948824	-1.106675	-1.403547	0.3833049	0.5321969	0.2615664	0.10043443	0.8993726	0.18666169	0.10724886	0.2557416	0.009963259			
MNAT1_9239	266713	mnat1	0.011771747805267359	0.25916007767187443	-1.0720073	1.0720073	-1.017369	-1.0152377	-1.0139557	-1.0245392	1.0159377	-1.0231253	-1.0485266	-1.0370868	-1.0720073	0.43745503	0.7069708	0.513909	0.42110175	0.6319699	0.23476328	0.027126959	0.08469652	0.0053271255			
MSN_9253	81521	msn	0.04514582500998801	0.31377598329862716	-1.0543903	1.0543903	-1.0290636	-1.01716	-1.017483	-1.0200677	-1.0274864	-1.036282	-1.0543903	-1.0285673	-1.0471944	0.17793666	0.4226629	0.2732963	0.47171205	0.32261464	0.074372984	0.028598033	0.073909305	0.0045462567			
MYL12A_33284	501203	myl12a	0.02908946005180315	0.2793013106850482	-1.0906727	1.0906727	-1.0505975	-1.0471479	-1.0448867	-1.0624764	-1.021839	-1.0906727	-1.0784706	-1.0612986	-1.0670183	0.14345975	0.17501011	0.16268717	0.07772625	0.53936636	0.013174334	0.065702796	0.08401492	0.018832535			
MYL12B_32708	50685	myl12b	0.008624147613317288	0.25916007767187443	-1.0574112	1.0574112	-1.0180703	-1.0401331	-1.0245752	-1.0278211	-1.0219742	-1.0445606	-1.0545783	-1.0389671	-1.0574112	0.3157159	0.13057521	0.17578568	0.14655477	0.23739387	0.023852013	0.067249656	0.06593174	0.014794941			
MYO10_9278	310178	myo10	0.0417578047325512	0.3100910787791014	-1.5766629	1.5766629	-1.0107148	-1.1249797	-1.0489721	-1.0337659	-1.5766629	-1.2612827	-1.1760468	-1.1581384	-1.1918522	0.78038	0.13094181	0.40657613	0.8132306	0.006379627	0.039577547	0.043212853	0.12425853	0.099232055			
NARFL_9282	360496	ciao3	0.003023583954847813	0.23133567463464372	-1.4604056	1.4604056	-1.1057593	-1.0704215	-1.1680864	1.0583805	-1.0468767	-1.092596	-1.0080041	-1.0441006	-1.4604056	0.49859184	0.36514515	0.1026124	0.4444281	0.53584045	0.42405948	0.9341167	0.5985255	0.00913642			
NCAPD2_9284	362438	ncapd2	0.02450592885375494	0.27140779233029244	-1.7530077	1.7530077	-1.0626992	-1.0842777	-1.0280803	-1.0988523	-1.0303677	-1.3035626	-1.5279132	-1.3334311	-1.7530077	0.6714047	0.6096302	0.82022935	0.6090213	0.8756011	0.37858745	0.07476997	0.03269999	0.03299924			
NCK2_9287	316369	nck2	0.017853519983769526	0.25916007767187443	-1.2288282	1.2288282	-1.0199023	-1.072682	-1.0693784	-1.0542219	-1.0907412	-1.0275463	-1.2288282	-1.1379986	-1.17846	0.5486988	0.31832507	0.041906122	0.019382127	0.3254761	0.5540142	0.07702689	0.0018960092	0.045926187			
NCOA1_9289	313929	ncoa1	0.0479873091413841	0.31544775022281846	-1.2325557	1.2325557	-1.0512238	-1.1008496	-1.187616	-1.0922924	-1.0183308	-1.1768851	-1.2308617	-1.0812585	-1.2325557	0.289142	0.32516587	0.14170781	0.40435636	0.8187015	0.20623817	0.011660336	0.051069103	0.0027982292			
NDUFV3_32394	64539	ndufv3	0.010848126232741617	0.25916007767187443	-1.0968295	1.0968295	-1.0429921	-1.0379051	-1.0301257	1.0124593	-1.0148455	-1.0439755	-1.0815887	-1.0532587	-1.0968295	0.14530125	0.31464365	0.2100891	0.8321771	0.47751567	0.050307237	0.044520628	0.027341092	0.018417588			
NET1_9297	307098	net1	0.016929133858267716	0.25916007767187443	-1.1524702	1.1524702	-1.0696952	-1.0793015	-1.0939662	-1.0410373	-1.0019283	-1.1071696	-1.1383464	-1.1524702	-1.1364123	0.16988036	0.3273765	0.075754754	0.5303756	0.96264106	0.020144407	0.020634664	0.029935692	0.0027516016			
NFE2L2_9301	83619	nfe2l2	0.014394086753549893	0.25916007767187443	-1.061283	1.061283	-1.0384535	-1.0163345	-1.0277878	-1.027129	1.0069207	-1.032266	-1.0568798	-1.0548928	-1.061283	0.13383809	0.6279988	0.19732279	0.4705892	0.7643251	0.17648105	0.041913413	0.032820273	0.01979855			
NFIA_9302	25492	nfia	0.011928429423459244	0.25916007767187443	-1.1349621	1.1349621	-1.0306642	-1.0340914	-1.0937595	-1.0404853	-1.0367389	-1.0762166	-1.1349621	-1.1002593	-1.0977712	0.37990513	0.48752367	0.09670718	0.37293294	0.26261225	0.025160395	0.0015603511	0.03271086	0.005414365			
NMT1_9325	259274	nmt1	0.0034115994380895043	0.23221620175262558	-1.0815758	1.0815758	-1.0107591	1.0150253	-1.025833	-1.008082	-1.0174228	-1.0221802	-1.0815758	-1.0412074	-1.0569574	0.54051393	0.40470958	0.1409346	0.6788479	0.44805428	0.053703073	0.017992109	0.032527857	0.003447285			
NOP56_9343	498350;102554284;362214	spmap2l;loc102554284;nop56	0.0027755749405233942	0.23133567463464372	-1.0939207	1.0939207	-1.0247179	-1.0429722	-1.0148885	-1.0299939	-1.0000625	-1.0382756	-1.0788295	-1.040825	-1.0939207	0.4355021	0.17481096	0.46983385	0.37733513	0.9980043	0.051518872	0.051517732	0.075496435	0.0057767895			
NOS3_9345	24600	nos3	0.035496957403651115	0.2958562735439003	-1.782709	1.782709	-1.070371	-1.0573299	-1.2193956	-1.131296	-1.2578684	-1.264063	-1.782709	-1.3583201	-1.3011656	0.5110971	0.5747502	0.16901356	0.28506896	0.28024346	0.025049131	0.0038058532	0.09513022	0.09862283			
NPM1_32887	100363637;25498	npm1-ps19;npm1	0.015022731765170983	0.25916007767187443	-1.047838	1.047838	-1.0169002	-1.0196592	-1.0107375	-1.0212994	1.0157176	-1.0250393	-1.0275369	-1.0186418	-1.047838	0.30003175	0.47175363	0.4401653	0.16001894	0.5209572	0.07888226	0.22820245	0.24222301	0.01044851			
NPRL2_9354	363138	nprl2	9.998000399920016E-4	0.23133567463464372	-1.500962	1.500962	-1.2115545	-1.0911789	-1.1271054	-1.0096506	-1.0694097	-1.1119477	-1.0510135	-1.0243018	-1.500962	0.037997104	0.38288584	0.16606198	0.8908227	0.35172352	0.20647767	0.33908498	0.7725996	0.019630188			
NR3C1_9361	24413	nr3c1	0.0016171417020416413	0.23133567463464372	-1.122982	1.122982	-1.0127714	1.0172676	-1.036777	-1.0038038	-1.0155604	-1.0480448	-1.0841202	-1.0502839	-1.122982	0.46002814	0.6162323	0.17306179	0.85989636	0.5372085	0.15352914	0.07381173	0.057658724	0.020699574			
NREP_9364	338475	nrep	0.023809523809523808	0.2708602486816422	-1.0910757	1.0910757	1.0280404	-1.0223105	-1.020743	1.0256021	1.0108677	-1.0200675	-1.0733176	-1.0910757	-1.0897596	0.47431093	0.63808775	0.5802033	0.5911445	0.66049415	0.46072215	0.147472	0.008381869	0.0030610478			
NRP1_9366	246331	nrp1	0.004420333534257585	0.23979929539874026	-1.1098343	1.1098343	-1.0364758	-1.0164483	-1.0295801	-1.0235071	-1.0478202	-1.0676887	-1.1098343	-1.0995433	-1.093774	0.39585522	0.601558	0.2940657	0.283758	0.19935206	0.018763175	0.050454795	0.0027558885	0.0074772732			
NUCB2_9374	59295	nucb2	0.019495864513588028	0.26667910447761195	-1.0983951	1.0983951	-1.0563089	-1.0477763	-1.0482366	-1.0801748	1.039035	-1.0622568	-1.0679977	-1.0559196	-1.0983951	0.15011775	0.4179208	0.2233818	0.14330009	0.3935451	0.09533736	0.08521101	0.19970539	0.021682842			
NUDT9_9377	305149	nudt9	0.024050884516000796	0.2708602486816422	-1.0647565	1.0647565	1.0026042	1.0054078	-1.0615135	-1.0164669	1.0038823	-1.0430624	-1.0559957	-1.0647565	-1.0517173	0.9032889	0.87597007	0.014387386	0.3763292	0.8465119	0.022525785	0.15895085	0.028644253	0.013296312			
NUP62_9381	65274	nup62	0.008957006369426751	0.25916007767187443	-1.1510326	1.1510326	-1.0458795	-1.0272887	-1.1047056	-1.0463073	-1.0177621	-1.0921878	-1.1510326	-1.1095617	-1.1231039	0.3014858	0.4832866	0.01588254	0.40689373	0.7379667	0.021369064	0.017753808	0.018948205	0.0043178597			
NUP85_9382	287830	nup85	0.049648241206030154	0.31544775022281846	-1.265984	1.265984	-1.0402677	-1.0927144	-1.064689	-1.0919758	-1.0196178	-1.1383684	-1.265984	-1.1286445	-1.133344	0.5020816	0.27850828	0.43741792	0.26155645	0.7340763	0.07804614	0.057030432	0.073186606	0.12513605			
NUP88_9383	113929	nup88	0.04921875	0.31544775022281846	-1.0682017	1.0682017	1.0042834	1.012507	-1.015627	1.0091548	-1.0030997	-1.0235963	-1.0682017	-1.0214686	-1.0510212	0.89830726	0.7291437	0.4783306	0.7391002	0.89404815	0.40393275	0.02171977	0.43651408	0.07952815			
NUP93_9384	291874	nup93	0.011738957421408675	0.25916007767187443	-1.1990584	1.1990584	-1.0454444	-1.1397661	-1.107518	-1.0750965	-1.0283545	-1.1169746	-1.1940318	-1.1508459	-1.1990584	0.37863758	0.104974434	0.1800084	0.14727357	0.7417371	0.024605777	0.045950565	0.012632172	3.551652E-4			
OXSR1_9404	316064	oxsr1	0.019987886129618413	0.26667910447761195	-1.1092957	1.1092957	-1.0641824	-1.0543116	-1.1010457	-1.0143346	-1.0918236	-1.1092957	-1.109007	-1.0956724	-1.0658842	0.09794236	0.14654744	0.11046768	0.6207291	0.012364135	0.016806126	0.05890184	0.016826896	0.045643657			
PAF1_9412	361531	paf1	0.010522136192177884	0.25916007767187443	-1.1309308	1.1309308	-1.0737498	-1.0743374	-1.0519671	-1.0304077	-1.0306917	-1.0727141	-1.1226265	-1.0779476	-1.1309308	0.12789887	0.22863562	0.2361696	0.54652977	0.3953104	0.061718527	0.04745405	0.07352311	0.0083297435			
PCNA_9442	25737	pcna	0.037183544303797465	0.3001138239855906	-1.0521563	1.0521563	-1.009178	1.0017554	-1.0010864	-1.0050428	1.0130752	-1.0036714	-1.0521563	-1.0476426	-1.0406587	0.7073351	0.9488344	0.95193356	0.8270814	0.56780934	0.84854037	0.063602954	0.029986741	0.051493708			
PDLIM1_9452	54133	pdlim1	0.04261765299939406	0.3119184495511207	-1.0968292	1.0968292	-1.0243088	-1.0144689	-1.0072085	-1.0684963	-1.0058248	-1.0466791	-1.0968292	-1.0766474	-1.0686018	0.30351794	0.72157705	0.7752344	0.22627047	0.8348486	0.23113924	0.019728994	0.025811128	0.015729906			
PIEZO1_33107	361430	piezo1	0.016154766653370563	0.25916007767187443	-1.2399614	1.2399614	-1.1152179	-1.0848477	-1.1417245	-1.1476578	-1.0914993	-1.1189107	-1.2309644	-1.1652718	-1.2399614	0.34717128	0.44840783	0.18765146	0.20796926	0.3145581	0.22501023	0.042162664	0.1343004	0.035682604			
PIK3C2B_9480	289021	pik3c2b	0.02768236007274197	0.2793013106850482	-1.1333159	1.1333159	1.0524955	1.0300187	1.0178885	-1.0741539	-1.0843807	-1.0673674	-1.1134869	-1.1333159	-1.1079475	0.31034493	0.51843697	0.7546296	0.2410491	0.20502879	0.3768636	0.119974054	0.060881536	0.1769608			
PLEKHM1_9500	303584	plekhm1	0.015942606616181746	0.25916007767187443	-1.7683614	1.7683614	-1.3413354	-1.3444794	-1.4271789	-1.555423	-1.1941379	-1.2020485	-1.5015751	-1.2173867	-1.7683614	0.122069575	0.31919158	0.008842982	0.047550444	0.17855431	0.23132017	0.0074700527	0.20369443	0.05687301			
PLK4_9505	310344	plk4	0.008608608608608608	0.25916007767187443	-1.1697276	1.1697276	1.0369983	-1.0598218	-1.0536661	-1.0198838	-1.0696106	-1.0023465	-1.1160634	-1.0910825	-1.1697276	0.5622416	0.39121953	0.4299225	0.7255193	0.14741287	0.9576695	0.014698058	0.14210775	0.051833622			
PLP2_32738	302562	plp2	0.03909382518043304	0.3065549087122691	-1.0887921	1.0887921	-1.0169756	-1.0168284	1.0258713	1.0105395	1.0826038	-1.0602695	-1.0877734	-1.0156492	-1.0887921	0.75204647	0.76658404	0.51327705	0.8090832	0.11323885	0.20309728	0.060650215	0.7594555	0.06830579			
PNKD_34104	100188944	pnkd	0.03009305088101366	0.2793013106850482	-1.792739	1.792739	-1.0636029	-1.079029	-1.1535032	1.0116578	-1.1897893	-1.0971861	-1.792739	-1.2730092	-1.0473802	0.39994782	0.30993378	0.086067334	0.88165045	0.34107417	0.21137969	0.0056322343	0.020230753	0.47512525			
POLE2_9520	299112	pole2	0.022800645682001613	0.27036274376583147	-3.7758822	3.7758822	-1.0473038	-1.0163137	-1.0294391	-1.3052733	-2.2763386	-1.309008	-1.0775846	-3.7758822	-1.6762134	0.78963876	0.93699026	0.9091404	0.39501163	0.0339848	0.189964	0.60640585	0.016555618	0.13243711	1.0	3.0	
POLR1C_9522	301246	polr1c	0.04472342094939192	0.31377598329862716	-1.6562674	1.6562674	-1.0156568	1.226282	-1.6070187	1.035035	-1.6562674	-1.2100669	-1.2667807	1.1408808	1.4334327	0.9507724	0.38876104	0.2963449	0.89030725	0.26287287	0.44948924	0.41400898	0.6014124	0.062327646			
PPARG_32510	25664	pparg	0.006191332135010985	0.25916007767187443	1.2629385	1.2629385	-1.0364387	1.024149	1.1765964	1.1239809	1.0907464	-1.0568547	1.071274	-1.0191841	1.2629385	0.6814333	0.7876127	0.09925503	0.15330826	0.21456377	0.5471784	0.42177114	0.894253	0.005868483			
PPIC_9541	291463	ppic	0.026269358949225642	0.27650531430061215	-1.151631	1.151631	-1.0137416	-1.0399715	-1.0463034	1.0456289	1.0341502	-1.0936733	-1.0994155	-1.0927163	-1.151631	0.77734923	0.5422193	0.39675424	0.6258444	0.5792647	0.05809478	0.045022614	0.055933475	0.004947209			
PPP1R13B_9543	314465	ppp1r13b	0.018148820326678767	0.25916007767187443	-1.2820975	1.2820975	-1.0589402	-1.0410738	-1.121617	-1.0090446	-1.155516	-1.1195271	-1.1054903	-1.2820975	-1.2085842	0.497773	0.54212236	0.11722373	0.87058026	0.15030302	0.108565204	0.028528238	0.05149971	0.023659501			
PPP1R15A_9544	171071	ppp1r15a	0.012448132780082987	0.25916007767187443	-1.1529841	1.1529841	-1.0414505	-1.0451561	-1.0841238	-1.0448952	-1.0463241	-1.0858512	-1.1529841	-1.0818472	-1.0935854	0.45129058	0.28137803	0.033122	0.3532706	0.29164883	0.009665107	0.003540508	0.021699106	0.007980252			
PPP1R3B_9545	192280	ppp1r3b	0.04952644041041831	0.31544775022281846	-1.2674956	1.2674956	-1.1739426	-1.036548	-1.1132365	-1.183527	-1.0300679	-1.1057189	-1.2674956	-1.1592078	-1.1899008	0.07034125	0.5640985	0.28887644	0.08743497	0.78120816	0.120212264	0.012745044	0.17212583	0.04431791			
PPP2R5A_9549	312754	ppp2r5a	0.021960471151926533	0.27014025356767457	-1.0530905	1.0530905	-1.016953	1.0104036	-1.0133351	-1.005709	-1.0213791	-1.0186428	-1.0530905	-1.0384543	-1.0354487	0.24475192	0.53392595	0.31190756	0.8327271	0.13646103	0.17757612	0.03227406	0.011947869	0.06592637			
PPP3CB_32635	24675	ppp3cb	0.039613915141765536	0.3065549087122691	-1.0911739	1.0911739	-1.000082	1.0325943	-1.0096002	1.0014865	-1.0813271	-1.0153731	-1.0911739	-1.0482494	-1.0155628	0.9972756	0.19023699	0.7210007	0.9480114	0.05998245	0.43686178	0.023914197	0.05904578	0.3969443			
PPRC1_9551	294007	pprc1	0.04550827423167849	0.31377598329862716	1.7507224	1.7507224	1.571192	1.7507224	1.1344517	1.3827219	1.645553	1.1844622	1.1514219	1.4631382	1.5870092	0.09604608	0.0146776205	0.75891256	0.16864042	0.04694725	0.48609275	0.7020694	0.091952175	0.055598438			
PRAF2_9555	367743	praf2	0.005569922418937737	0.25916007767187443	-1.1681252	1.1681252	-1.04615	-1.0380808	-1.0221698	-1.0598662	1.038373	-1.0747972	-1.1410822	-1.0294534	-1.1681252	0.39603743	0.5516183	0.71261334	0.36814368	0.6005478	0.14887238	0.022738649	0.5567931	0.013283925			
PRKAA2_9559	78975	prkaa2	0.03997552518866	0.3066492478132731	-1.1509436	1.1509436	-1.055899	-1.0203886	-1.0574559	-1.0314251	-1.0812923	-1.0808444	-1.1509436	-1.0858492	-1.0876118	0.24201085	0.564977	0.08850648	0.05053104	0.06006342	0.013072431	0.030379765	0.085564196	0.19789758			
PRKCD_9567	170538	prkcd	0.029365079365079365	0.2793013106850482	-1.181945	1.181945	-1.0074522	-1.0173	-1.055268	-1.0308104	-1.0710856	-1.0591221	-1.1720897	-1.181945	-1.1330527	0.8882928	0.6973749	0.36415476	0.6976103	0.2884857	0.341349	0.022995085	0.0066035176	0.023034142			
PRSS23_9581	308807	prss23	0.024106066693451184	0.2708602486816422	-1.2819996	1.2819996	-1.116096	-1.1266922	-1.1462922	-1.1077597	-1.0457556	-1.1036423	-1.2709529	-1.1955489	-1.2819996	0.28144798	0.19267042	0.17060776	0.29595056	0.42885503	0.040537696	0.1310003	0.0112783685	0.06743			
PSIP1_9585	313323	psip1	0.04778972520908005	0.31544775022281846	-1.0917375	1.0917375	-1.0256634	-1.0113369	-1.0471774	-1.005732	-1.0039359	-1.0249964	-1.0917375	-1.0750437	-1.035804	0.27853	0.79612947	0.16122006	0.83913296	0.9045998	0.3871168	0.002107228	0.00837206	0.16723156			
PSMB3_9589	29676	psmb3	0.04920984196839368	0.31544775022281846	-1.0334501	1.0334501	-1.0070152	-1.0134938	-1.0136354	-1.0265801	-1.0016819	-1.0201976	-1.0208665	-1.0175192	-1.0334501	0.70398587	0.4542609	0.24815533	0.06295137	0.92836076	0.08032835	0.108548775	0.131926	0.012322628			
PSMC1_32624	117263	psmc1	0.044968304278922344	0.31377598329862716	-1.0225719	1.0225719	1.0068727	1.01834	1.0129813	1.0196712	1.0175117	1.0078998	1.0049436	-1.0058476	-1.0225719	0.6427642	0.38536754	0.31490055	0.21913482	0.29519558	0.58754456	0.82137996	0.6701104	0.15923914			
PSMD4_9599	83499	psmd4	0.04126602564102564	0.3100910787791014	-1.0384676	1.0384676	-1.0196517	-1.0038465	-1.0253345	-1.0024892	-1.0006933	-1.0302408	-1.0358677	-1.0283488	-1.0384676	0.26697996	0.8632423	0.13096331	0.8866225	0.96310806	0.14297695	0.11927596	0.09214631	0.038873874			
PSME3_32547	287716	psme3	0.0057745917960971725	0.25916007767187443	-1.0907904	1.0907904	-1.0224565	1.0004073	-1.0503628	-1.0084548	-1.0408086	-1.0676328	-1.0907904	-1.0719821	-1.0747044	0.19901575	0.9880869	0.029496528	0.8061879	0.06668067	0.07974092	0.0010713009	0.009647027	5.3041824E-4			
PSME3_32872	287716	psme3	0.022541392379812487	0.27036274376583147	-1.061736	1.061736	1.0189432	1.01971	-1.0118258	1.038887	-1.0162786	1.0021039	-1.061736	-1.0469717	-1.0176846	0.43712935	0.43257284	0.5955277	0.12682524	0.41644114	0.9207445	0.008173635	0.00668423	0.24277222			
PTBP1_32416	29497	ptbp1	0.0352015732546706	0.2958562735439003	-1.1132543	1.1132543	-1.0508214	-1.0295599	-1.0555168	1.0014313	-1.0355775	-1.038928	-1.0898724	-1.1132543	-1.0724714	0.15664439	0.38002783	0.2937321	0.98067987	0.26435137	0.13767298	0.027107162	0.004212582	0.008745144			
PTGDR_33049	498475	ptgdrl1	0.03664608643696475	0.2993252340171281	2.125356	2.125356	1.0786918	2.0237856	1.2347686	1.8608415	1.6577175	1.6386856	1.4567013	2.125356	1.8583031	0.86478776	0.06070319	0.62937194	0.17548402	0.14645056	0.16325548	0.49673307	0.019083748	0.051018484	30.0	100.0	
PTGS1_32494	24693	ptgs1	0.04605001984914649	0.31377598329862716	-1.3113172	1.3113172	-1.0474501	-1.0985526	-1.1639686	-1.1945136	-1.0537146	-1.2789078	-1.3113172	-1.2891322	-1.254053	0.6652281	0.43167925	0.26659286	0.25352892	0.6360783	0.12614739	0.027176363	0.035281554	0.049599156			
PTPN6_9618	116689	ptpn6	0.03360160965794769	0.2907393513624118	-1.0909331	1.0909331	-1.0057454	-1.0909331	-1.0445651	-1.0906363	-1.048768	-1.0446937	-1.082479	-1.0711323	-1.066795	0.83767414	0.042530484	0.10100406	0.04273317	0.13425538	0.051887542	0.0028115613	0.02821605	0.0906627			
PTPRC_9619	24699	ptprc	0.023819136051675415	0.2708602486816422	-1.3671696	1.3671696	1.024701	-1.0801258	-1.061767	-1.0562987	-1.0926538	-1.0412489	-1.3671696	-1.145744	-1.1388009	0.66165155	0.2374488	0.39403534	0.35732722	0.31034568	0.47545943	0.082649484	0.056244552	0.021876242			
PUF60_9624	84401	puf60	0.04985983179815779	0.31544775022281846	-1.121617	1.121617	-1.0072601	-1.0633844	-1.0538722	-1.024588	-1.0302969	-1.1150163	-1.121617	-1.0578083	-1.0795178	0.8613482	0.20809577	0.19329898	0.64467317	0.48258534	0.013661923	0.01357182	0.07435839	0.0208569			
PXDN_9628	554172	pxdn	0.033143554290361935	0.2907393513624118	-1.1525759	1.1525759	-1.0556552	-1.0190535	-1.1149302	-1.0224689	-1.10029	-1.0889214	-1.1525759	-1.147097	-1.0985024	0.26037264	0.546791	0.07812254	0.4945396	0.23174974	0.057962663	0.020251404	0.05792738	1.8336171E-4			
PYCR1_9631	287877	pycr1	0.020616452337211676	0.26667910447761195	-1.6227715	1.6227715	-1.2724805	-1.0179983	-1.445195	-1.2743949	-1.0600517	-1.2536143	-1.4056998	-1.3427583	-1.6227715	0.116018556	0.9036755	0.0490579	0.25655466	0.7031492	0.16080101	0.07905859	0.12601799	0.0074555567			
RAB4A_9643	25532	rab4a	0.012766806303610613	0.25916007767187443	-1.0730472	1.0730472	-1.0200055	1.0142101	-1.0178168	1.0126909	1.0280116	-1.0176432	-1.0330547	-1.0371586	-1.0730472	0.44008392	0.753854	0.47977105	0.7306956	0.35954115	0.49974197	0.19678828	0.17612675	0.021591121			
RAC1_9645	363875	rac1	0.01775738228252195	0.25916007767187443	-1.134643	1.134643	-1.0252389	-1.0421627	-1.0638897	-1.0376332	-1.0493754	-1.0760028	-1.134643	-1.0944997	-1.057337	0.3968201	0.20828699	0.19871765	0.3384219	0.07819251	0.01772631	0.013232016	0.025576234	0.018428337			
RACGAP1_9647	315298	racgap1	0.001829640170766416	0.23133567463464372	-2.0842264	2.0842264	-1.0302727	-1.2380131	-1.1290277	-1.034452	-1.3822232	-1.2653567	-1.2881253	-1.3550272	-2.0842264	0.85427123	0.048387866	0.11403827	0.66512907	0.039348956	0.2707053	0.24908844	0.15160717	0.014285001	100.0	300.0	
RALA_9654	81757	rala	0.04367862151873372	0.31377598329862716	-1.0437382	1.0437382	-1.0137401	1.0026996	-1.016461	-1.0083466	-1.0283885	-1.0437382	-1.0378681	-1.0429881	-1.030016	0.56554615	0.88573986	0.13750687	0.5736837	0.14096013	0.015410534	0.04601856	0.029308382	0.07003232			
RARS_9660	287191	rars1	0.027252834692659638	0.2793013106850482	-1.1306	1.1306	-1.0340334	-1.0588719	-1.0526384	-1.0681479	-1.0284773	-1.0563637	-1.0885309	-1.1306	-1.1062161	0.3496153	0.20063122	0.20443718	0.16496727	0.49433303	0.3236456	0.13256538	0.0062332433	0.056854717			
RBM6_9668	315997	rbm6	0.0012009607686148918	0.23133567463464372	-1.1333504	1.1333504	-1.0099303	-1.0185331	-1.0530887	1.0048407	-1.031758	-1.0752673	-1.1214756	-1.0636919	-1.1333504	0.8150512	0.6829676	0.1039281	0.9188668	0.29118237	0.012650398	0.0044594146	0.067575745	3.2297763E-4			
REEP5_9673	364838	reep5	0.01717171717171717	0.25916007767187443	-1.0513253	1.0513253	-1.0233539	-1.0335562	-1.0207118	-1.0327109	-1.0279255	-1.0513253	-1.0352021	-1.038283	-1.0507109	0.34501854	0.20214108	0.27763197	0.11059564	0.21544242	0.029570775	0.09555309	0.07234814	0.014462782			
RFNG_9680	60433	rfng	0.00219210840972499	0.23133567463464372	-1.173026	1.173026	-1.0427973	-1.0423899	-1.0914849	1.0181907	-1.0611749	-1.1104652	-1.173026	-1.090063	-1.152982	0.46709812	0.2826536	0.0093549015	0.6239246	0.15874353	0.038495205	0.015427734	0.008631433	0.0024794615			
RGD1565002_9697	299135	dhrs7	0.021427167289168467	0.2684311386778037	-1.1112037	1.1112037	-1.0766805	-1.016172	-1.0601951	-1.0658576	1.0348088	-1.0288616	-1.0698113	-1.0646675	-1.1112037	0.07493774	0.79443663	0.14408292	0.2419994	0.48712245	0.49919564	0.11681613	0.13020667	0.015332803			
RNH1_9718	100360501	rnh1	0.011078140454995054	0.25916007767187443	-1.2855898	1.2855898	-1.0751455	-1.0463264	-1.0061094	1.0185145	1.0394957	-1.0988576	-1.2855898	-1.0979091	-1.2359244	0.22530925	0.3947778	0.9307375	0.7952512	0.5711537	0.19390325	0.06617123	0.22158799	0.002174952			
RNMT_9719	291534	rnmt	0.009478672985781991	0.25916007767187443	-1.0804791	1.0804791	-1.0277393	1.0032587	-1.0513265	-1.0022206	-1.0133874	-1.0268202	-1.0804791	-1.0314772	-1.065457	0.23204252	0.9089664	0.06715525	0.9199314	0.66686016	0.22604506	0.015815927	0.15284912	0.015697896			
RNPS1_9720	287113	rnps1	0.027602523659305992	0.2793013106850482	-1.0809226	1.0809226	-1.020898	1.0282384	-1.0387281	1.004922	-1.031688	-1.036009	-1.0809226	-1.0567819	-1.0787773	0.48500353	0.3937332	0.18171866	0.9060108	0.30021438	0.29604614	0.01433565	0.069379605	0.052541558			
RPA2_9722	59102	rpa2	0.02056451612903226	0.26667910447761195	-1.3066815	1.3066815	-1.0836688	-1.0887074	-1.0860283	-1.0896091	-1.0301387	-1.1065491	-1.3066815	-1.2272441	-1.1011193	0.21918346	0.3748583	0.36524463	0.23062873	0.6681002	0.065073274	0.0043812753	0.0025963471	0.06932213			
RPL19_9731	81767	rpl19	0.007004202521512908	0.25916007767187443	-1.0568988	1.0568988	-1.0147492	-1.0339179	-1.0125531	-1.030662	1.0240886	-1.0286326	-1.0157983	-1.011682	-1.0568988	0.30998787	0.24875642	0.36951575	0.04116077	0.37665722	0.060981594	0.4178781	0.4689496	0.02138435			
RPN1_9740	25596	rpn1	0.03988095238095238	0.3066492478132731	-1.0994391	1.0994391	-1.031107	1.0040286	-1.0290248	1.009608	1.0400786	-1.0659152	-1.0994391	-1.0622647	-1.0592082	0.2937635	0.929237	0.3444935	0.79039806	0.16206996	0.018813863	0.004608525	0.055198804	0.042847894			
RPS19_33100	29287;100362339;100360843	rps19;rps19l4;rps19l3	0.019936204146730464	0.26667910447761195	-1.0477611	1.0477611	-1.0087832	-1.0224266	-1.0096093	-1.0270525	1.0254092	-1.0247991	-1.0110368	-1.0159369	-1.0477611	0.5811406	0.42591628	0.57406545	0.11518203	0.3947497	0.124733366	0.5648769	0.39781126	0.016663792			
RPS5_9747	25538	rps5	0.015169424743892828	0.25916007767187443	-1.0477431	1.0477431	-1.0109552	-1.0168178	-1.0090052	-1.0318261	1.0294248	-1.0281404	-1.0255799	-1.0168508	-1.0477431	0.49025428	0.53531617	0.55860424	0.14447479	0.2477525	0.08571758	0.1980124	0.31771743	0.011001076			
RPS6_32332	29304	rps6	0.01714171815826191	0.25916007767187443	-1.0352588	1.0352588	-1.0058031	-1.008816	-1.0112299	-1.0186266	1.0183734	-1.020246	-1.0162596	-1.0128196	-1.0352588	0.6138173	0.63899726	0.39381078	0.24474159	0.35934198	0.07887607	0.17619926	0.35339844	0.008527676			
RRM1_32657	685579	rrm1	0.01438990735265129	0.25916007767187443	-1.0872941	1.0872941	-1.0018432	1.0298691	-1.0244874	1.0091792	-1.0030242	-1.03487	-1.0872941	-1.0585324	-1.0469972	0.945457	0.3839564	0.3528548	0.783249	0.90396225	0.10670426	0.0046786037	0.06314684	0.05227016			
RRM2B_33011	299976	rrm2b	0.03544554455445544	0.2958562735439003	-1.0517677	1.0517677	-1.0212419	1.0418688	1.0089515	1.0266759	-1.0100425	1.0147195	-1.0517677	-1.0191128	-1.0500172	0.23042902	0.095108196	0.6230307	0.4375926	0.598462	0.55068964	0.068422645	0.22854552	0.17918062			
RRS1_9755	297784	rrs1	0.015908175594039467	0.25916007767187443	-1.116435	1.116435	-1.046954	-1.0371829	-1.0103911	-1.0402694	-1.0875441	-1.0586474	-1.0724614	-1.075897	-1.116435	0.3398829	0.3941622	0.849718	0.23446289	0.028168801	0.1835672	0.16765815	0.05448124	0.04941539			
RT1-N2_32930	360323	rt1-n2	0.0436306973120374	0.31377598329862716	-1.4149442	1.4149442	-1.1204631	-1.1577005	-1.3370478	-1.0657619	-1.1634024	-1.0533364	-1.4149442	-1.1948683	-1.2168583	0.30134904	0.17983858	0.01814091	0.6776179	0.119437695	0.6402777	0.040861107	0.06445533	0.05650972			
S100A10_32340	81778	s100a10	0.03806852334201563	0.3036559557202966	-1.0797869	1.0797869	-1.0109787	-1.0523974	-1.0332997	-1.076443	1.0090717	-1.0444149	-1.0797869	-1.0649011	-1.0704001	0.713508	0.253509	0.34756124	0.036047272	0.8026513	0.1093683	0.01279707	0.037985228	0.047933977			
S100A11_9770	445415	s100a11	0.012519872813990461	0.25916007767187443	-1.076782	1.076782	-1.0269247	-1.0481353	-1.015382	-1.0633123	1.0248636	-1.0402294	-1.0391479	-1.0381247	-1.076782	0.28530538	0.28438947	0.48598218	0.01651894	0.50662076	0.09898965	0.14567126	0.16077815	0.025304278			
S100A4_9772	24615	s100a4	0.002826569755703614	0.23133567463464372	-1.1314538	1.1314538	-1.0413327	-1.0976121	-1.0591542	-1.1126838	1.0014535	-1.1174725	-1.1030996	-1.0796351	-1.1314538	0.30080035	0.10551821	0.2279015	0.033464972	0.9738877	0.007886386	0.010282297	0.061461333	0.0042478894			
S100A6_9773	85247	s100a6	0.009209209209209208	0.25916007767187443	-1.0797037	1.0797037	-1.0368358	-1.0486702	-1.0468489	-1.0797037	1.0088302	-1.0511451	-1.0714818	-1.0551304	-1.0695298	0.17797863	0.1985903	0.14974725	0.02221709	0.74421126	0.03417716	0.016185757	0.03268475	0.013528248			
SAT1_32312	302642	sat1	0.03351844506148354	0.2907393513624118	-1.1111089	1.1111089	-1.0542524	-1.0855494	-1.09156	-1.0309987	-1.0021315	-1.0736613	-1.1111089	-1.0800494	-1.0894641	0.20386851	0.102607295	0.100805394	0.60678333	0.9503079	0.033148453	0.006781404	0.04927606	0.016079955			
SEC11A_32884	65166	sec11a	0.032046178343949044	0.2882744325037178	-1.067526	1.067526	-1.0331253	-1.0283607	-1.0475924	-1.0431714	1.0263069	-1.0367146	-1.0385511	-1.0416137	-1.067526	0.1904326	0.5010624	0.07217659	0.19573976	0.5205426	0.09039939	0.09252212	0.12455509	0.009869362			
SEC24D_32308	310843	sec24d	0.024581906105178318	0.27140779233029244	-1.0555658	1.0555658	-1.013606	1.0129666	-1.0308945	1.0050616	-1.0185347	-1.0230186	-1.0555658	-1.0507843	-1.0475851	0.5302354	0.48038194	0.21038479	0.7827323	0.39454424	0.13988735	0.10736313	0.03766121	0.0104813			
SELE_32346	25544	sele	0.010655090765588003	0.25916007767187443	1.6959827	1.6959827	1.4865477	1.530079	1.3583524	1.4270142	1.2199451	1.2276186	1.2650558	1.3640196	1.6959827	0.16452353	0.14640173	0.30613485	0.19913302	0.56367093	0.49970084	0.42615214	0.32203647	0.050877664			
SENP6_9804	300860	senp6	0.001381488059996053	0.23133567463464372	-1.1275371	1.1275371	-1.032071	-1.0094507	-1.0345464	1.0020059	-1.0037107	-1.0347289	-1.0727662	-1.0593376	-1.1275371	0.31185943	0.81268317	0.3537063	0.96382594	0.90637034	0.2988106	0.038335606	0.096463956	0.0057257866			
SEPW1_32392	25545	selenow	0.0024009603841536613	0.23133567463464372	-1.1303728	1.1303728	-1.066808	-1.0532461	-1.0848918	-1.0898417	-1.0320274	-1.1113751	-1.0865129	-1.0839151	-1.1303728	0.11222409	0.26286706	0.04419821	0.08114813	0.5458858	0.00967873	0.027865877	0.083678305	0.00431146			
SH3BP5_9823	117186	sh3bp5	0.01263243683781581	0.25916007767187443	-1.0992221	1.0992221	-1.0352226	-1.0329866	-1.0584489	-1.039589	-1.0791646	-1.0673287	-1.0992221	-1.0953496	-1.0686799	0.3965759	0.25510243	0.090648115	0.18726389	0.03305313	0.023737554	0.06202238	0.011989576	0.02288052			
SKP1_9831	287280	skp1	0.0078064012490242	0.25916007767187443	-1.0595337	1.0595337	-1.025595	-1.0080479	-1.0326934	1.0140778	-1.0104053	-1.0230664	-1.0595337	-1.033297	-1.0478358	0.099422485	0.677133	0.031067595	0.6042982	0.5550705	0.090973	0.013870409	0.019237561	0.0031569228			
SLC26A2_33072	117267	slc26a2	0.024141315014720315	0.2708602486816422	-1.2054496	1.2054496	-1.0692108	1.007756	-1.1589777	-1.0498118	-1.0449845	-1.0863131	-1.2054496	-1.0859543	-1.1455269	0.1373308	0.8670248	0.02639682	0.54255366	0.50261927	0.07979104	0.008046211	0.060030557	0.03187959			
SLC30A7_33012	310801	slc30a7	0.029800671008486285	0.2793013106850482	-1.0949062	1.0949062	-1.0372207	-1.0184495	-1.0730126	-1.0278574	1.0225884	-1.0593501	-1.0949062	-1.0750849	-1.0792391	0.20366827	0.7126784	0.08140768	0.42827123	0.5899914	0.022720389	0.0027808752	0.02808347	0.0070767654			
SLC35B1_9870	287642	slc35b1	0.012387612387612388	0.25916007767187443	-1.1971773	1.1971773	-1.1241889	-1.0963784	-1.1327871	-1.075275	-1.1156011	-1.1762543	-1.1971773	-1.0843315	-1.0944585	0.03228104	0.12638913	0.0029060892	0.13596363	0.041798465	0.0028421173	0.02884176	0.07904506	0.0149765005			
SLC39A1_32758	361986	slc39a1	0.03308389129578574	0.2907393513624118	-1.0581568	1.0581568	-1.0407063	-1.0180094	-1.0265614	-1.0171406	1.0032202	-1.0475006	-1.0507569	-1.0363469	-1.0581568	0.1831397	0.60252136	0.32692364	0.5940116	0.9208142	0.09386627	0.120196	0.17197324	0.04478855			
SMAD5_9893	59328	smad5	0.029859600553687957	0.2793013106850482	-1.089331	1.089331	-1.0244864	-1.0098966	-1.050342	-1.0074096	-1.0484381	-1.059406	-1.089331	-1.0880878	-1.0581317	0.42815673	0.76299334	0.2126277	0.85764194	0.19445501	0.09870838	0.05538114	0.019255942	0.10123246			
SMARCA4_9894	171379	smarca4	0.029097387173396674	0.2793013106850482	-1.1173682	1.1173682	-1.0099216	-1.0269879	-1.0457902	-1.0143245	-1.0859658	-1.0626824	-1.1173682	-1.0913819	-1.0942844	0.83408314	0.51593125	0.44158894	0.7431483	0.04657799	0.18679395	0.017083662	0.03657237	0.024707058			
SMARCD2_9896	83833	smarcd2	0.035664195551993585	0.29604181836248333	-1.2158185	1.2158185	-1.1542717	-1.054477	-1.2014118	-1.09145	-1.076134	-1.0987653	-1.1491086	-1.1766574	-1.2158185	0.16072868	0.41232237	0.2256162	0.16735682	0.3160136	0.14613214	0.009178211	0.030011293	0.0037498616			
SMC1A_9897	63996	smc1a	0.0015683199372672025	0.23133567463464372	-1.1118864	1.1118864	-1.0690659	-1.0441731	-1.0512608	-1.0376048	-1.0582947	-1.0529618	-1.0978539	-1.0854293	-1.1118864	0.043072686	0.3344465	0.192328	0.26136836	0.13929197	0.12027817	0.034190595	0.020445125	0.006450211			
SMC3_9899	29486	smc3	0.020424350584969265	0.26667910447761195	-1.0783398	1.0783398	-1.0183717	-1.0158442	-1.0192311	-1.0103574	-1.0196259	-1.0583918	-1.0783398	-1.0534854	-1.0606114	0.4303288	0.61824137	0.38141102	0.6789675	0.45607004	0.017932575	0.026167084	0.01646964	8.538287E-4			
SMN1_9902	64301	smn1	0.03622173303982389	0.2982450760779048	-1.1406406	1.1406406	-1.0271779	-1.0554075	-1.1406406	-1.0850929	-1.0287607	-1.0569512	-1.1292561	-1.072008	-1.1077535	0.48388153	0.30482003	0.032094114	0.2279253	0.38139284	0.057715822	0.051134806	0.03226268	0.007141455			
SMNDC1_9903	287768;120095301	smndc1;loc120095301	0.009893153937475268	0.25916007767187443	-1.0970705	1.0970705	-1.0333171	-1.0186522	-1.0659615	-1.0005476	-1.0220997	-1.0411168	-1.065282	-1.0970705	-1.0510728	0.24275891	0.3473152	0.017970575	0.9822514	0.5137723	0.019707892	0.13327166	0.004644321	0.013010517			
SOCS2_9914	84607	socs2	0.015805471124620062	0.25916007767187443	-1.0767931	1.0767931	-1.02501	1.0168991	-1.0357541	-1.0232834	-1.0164815	-1.0402213	-1.0610129	-1.0767931	-1.0659515	0.42296135	0.54910964	0.092691965	0.5089904	0.4240963	0.110225	0.031294994	0.00766137	4.1662264E-4			
SORBS3_9916	282843	sorbs3	0.0189873417721519	0.264058383717491	-1.1442727	1.1442727	-1.0897117	-1.0738459	-1.1197506	-1.0877591	-1.1102718	-1.1329323	-1.1442727	-1.1230958	-1.101557	0.15351509	0.05088234	0.09478308	0.097858794	0.014982025	0.0023651042	0.02763547	0.04738978	0.04058761			
SPAG7_9922	303260	spag7	0.030200675541426584	0.2793013106850482	-1.066571	1.066571	-1.0385513	-1.036331	-1.0419874	-1.0027766	-1.0534196	-1.0650005	-1.048105	-1.066571	-1.0630699	0.2244324	0.33590993	0.16981778	0.9065205	0.09786147	0.053289466	0.114326194	0.06131754	0.050193883			
SPTAN1_9932	64159	sptan1	0.011022044088176353	0.25916007767187443	-1.0622735	1.0622735	-1.0382181	-1.0322846	-1.041897	-1.0303314	-1.0221822	-1.0533108	-1.0592024	-1.0421305	-1.0622735	0.115313925	0.27559862	0.10402611	0.2829024	0.43491167	0.013947403	0.012094884	0.042130392	0.006040905			
SQSTM1_9937	113894	sqstm1	0.042064264849074974	0.3100910787791014	-1.1250067	1.1250067	-1.0355316	-1.019761	-1.0656569	1.0328565	-1.0080069	-1.0705502	-1.1106421	-1.1250067	-1.0474014	0.43114057	0.5292193	0.19494778	0.47768387	0.8225664	0.079355024	0.008452264	0.0070265555	0.31579274			
SRL_32568	302948	srl	0.016324905434999006	0.25916007767187443	-1.0878752	1.0878752	-1.0311769	1.0151716	-1.0314211	-1.0308508	-1.024998	-1.0489999	-1.0878752	-1.0518131	-1.0877744	0.226521	0.7224612	0.078982025	0.52641314	0.38394988	0.020942882	0.024280552	0.040319797	0.029490357			
SSBP2_9944	361877	ssbp2	0.006711409395973154	0.25916007767187443	-1.2214013	1.2214013	-1.0885311	-1.0050513	-1.2182865	-1.046832	-1.073834	-1.1104386	-1.1632754	-1.2214013	-1.2067335	0.2598793	0.9125213	0.018345468	0.4606019	0.39658788	0.102963924	0.08201492	0.001285075	0.0048610545			
ST3GAL1_32507	362924	st3gal1	0.009656004828002414	0.25916007767187443	-1.2212764	1.2212764	-1.0259043	-1.0876094	-1.1046982	1.0143787	-1.007066	-1.1406627	-1.1763088	-1.2212764	-1.2058171	0.7047479	0.32846922	0.17848974	0.8431527	0.9012528	0.07531523	0.024461158	0.02878543	0.029059652			
ST3GAL1_34106	362924	st3gal1	0.04596322941646683	0.31377598329862716	-1.4301534	1.4301534	-1.1011316	-1.3163201	-1.3804529	-1.1540827	-1.0498083	-1.4301534	-1.2175274	-1.2983259	-1.2017643	0.4078271	0.033650644	0.081597574	0.27447203	0.66099	0.005376429	0.026189344	0.017612059	0.055707473			
STAR_32299	25557	star	0.039505187549880284	0.3065549087122691	-1.2176645	1.2176645	-1.0086615	-1.0842483	-1.1887536	-1.0778362	-1.1034808	-1.1252782	-1.1701117	-1.2176645	1.0833144	0.91117215	0.41536155	0.13908067	0.3012672	0.23901008	0.12898162	0.09582103	0.068570614	0.19594006			
STAT3_9959	25125	stat3	0.020343039489429598	0.26667910447761195	-1.0949606	1.0949606	-1.051439	-1.0263437	-1.0468127	-1.0241789	-1.0462086	-1.0579798	-1.0949606	-1.0733943	-1.0638505	0.115524836	0.48078072	0.16331719	0.4870221	0.100202285	0.031120332	0.036571056	0.023672944	0.012891577			
STAT5B_9960	25126	stat5b	0.007039420756234915	0.25916007767187443	-1.1436588	1.1436588	-1.0486735	-1.0599004	-1.1012375	-1.1115172	-1.0451343	-1.121396	-1.1202391	-1.111088	-1.1436588	0.23018847	0.4167814	0.12305134	0.042790294	0.2575243	0.017701179	0.0945221	0.04536488	0.0058214054			
SUMF1_32831	362409	sumf1	0.029493269992082342	0.2793013106850482	-1.1737596	1.1737596	-1.0444745	-1.0076766	-1.0383478	1.0207876	1.0198336	-1.0786762	-1.1737596	-1.1038399	-1.1004436	0.49648795	0.87721014	0.4797003	0.7683139	0.67259836	0.07911431	0.003981877	0.03328217	0.050619796			
SYNPO2L_32441	305675	synpo2l	2.008435428800964E-4	0.1394808743169399	-1.4993978	1.4993978	1.0641735	-1.0482475	-1.2657423	-1.1271133	-1.0368663	-1.3085023	-1.4993978	-1.2081622	-1.4588966	0.38163322	0.50454354	0.0065483293	0.1876186	0.6768326	0.026461976	0.007132418	0.103981785	3.7371332E-4			
TAGLN_9981	25123	tagln	0.048354327509142626	0.31544775022281846	-1.1433285	1.1433285	1.0313773	-1.1433285	-1.0365336	-1.0637484	-1.0545154	-1.1379508	-1.1135161	-1.0174029	-1.1092046	0.5012659	0.082691245	0.539738	0.35399503	0.29081887	0.015966045	0.08218923	0.76348716	0.08401631			
TAX1BP3_32829	360564	tax1bp3	4.0192926045016077E-4	0.16414790996784565	-1.1898965	1.1898965	-1.043626	-1.0969336	-1.1070366	-1.06628	-1.0350837	-1.1898965	-1.1255721	-1.1147304	-1.1629336	0.3061101	0.04945695	0.08002055	0.08847258	0.43379202	0.0033184213	0.032989193	0.013514762	0.0014440083			
TBC1D10C_32813	361697	tbc1d10c	0.0044552450384771165	0.23979929539874026	-1.289968	1.289968	1.0546793	-1.0312428	-1.1307538	-1.0040869	-1.0911465	-1.0460501	-1.289968	-1.1608256	-1.1703918	0.22754529	0.6339079	0.22241507	0.8996816	0.15309124	0.4347643	0.027278978	0.009929393	6.1377086E-4			
TES_10000	500040	tes	0.009755126418475014	0.25916007767187443	-1.1955321	1.1955321	-1.114346	-1.0462012	-1.1375102	-1.0983177	-1.0314268	-1.1280171	-1.1472597	-1.1377815	-1.1955321	0.054778267	0.60019445	0.059426196	0.073444605	0.6284456	0.059679765	0.059719324	0.074453525	0.0093034925			
TESK1_10001	29460	tesk1	0.015202369200394866	0.25916007767187443	-1.120379	1.120379	1.0137467	1.0482808	-1.0511719	1.0222564	-1.0412214	-1.0505087	-1.120379	-1.064096	-1.0518825	0.7500623	0.23234303	0.19326563	0.48746318	0.15116207	0.087808646	0.020071479	0.071656086	0.13446145			
TGFB1_33273	59086	tgfb1	0.04869215291750503	0.31544775022281846	-1.6174477	1.6174477	-1.1213176	-1.4464144	-1.367398	-1.2608459	-1.5364641	-1.4406642	-1.6174477	-1.4126009	-1.3867341	0.3094114	0.015806347	0.2535532	0.051959366	0.11543519	0.0037644068	0.019237932	0.0035310448	0.0850673			
TIMM22_10019	79463	timm22	0.018134715025906734	0.25916007767187443	-1.0797896	1.0797896	1.0348183	1.0067863	-1.0031533	1.0116493	-1.0059345	-1.061493	-1.0294194	-1.0515195	-1.0797896	0.2548231	0.78411883	0.9350613	0.80378705	0.88321024	0.11090038	0.46186572	0.20853709	0.037919622			
TIMM9_10021	171139	timm9	0.027876631079478055	0.2793013106850482	-1.1157467	1.1157467	-1.0066028	-1.0341156	-1.0734861	-1.0404376	-1.0468725	-1.0628897	-1.1157467	-1.0680102	-1.1110182	0.8202673	0.3539747	0.26414913	0.24474122	0.21955678	0.2547692	0.04417794	0.035164922	0.008164086			
TIMP2_10023	29543	timp2	0.01563427666732634	0.25916007767187443	-1.1878783	1.1878783	-1.0738953	-1.0728502	-1.1304591	-1.083386	-1.1188294	-1.1306399	-1.1878783	-1.1616081	-1.1303606	0.2686127	0.23067085	0.15828103	0.2297905	0.07843014	0.019839082	0.006574722	0.008956425	0.016327614			
TLR1_10028	305354	tlr1	0.01422275641025641	0.25916007767187443	1.850895	1.850895	1.550773	1.2374	1.4951804	1.850895	-1.1099579	-1.039295	1.5255555	1.2566817	1.811181	0.08354114	0.5756362	0.14175822	0.025350876	0.7961649	0.905481	0.15538473	0.50888216	0.035274234			
TMCO1_10035	289196	tmco1	0.026713808681987822	0.2793013106850482	-1.0816073	1.0816073	-1.0382609	-1.0252556	1.0009329	1.0154343	1.0432825	-1.0351622	-1.0452659	-1.0417901	-1.0816073	0.24528906	0.5930438	0.9735744	0.7079497	0.24215887	0.28061542	0.2258157	0.16297826	0.034139194			
TMED10_10036	84599	tmed10	0.047229972100438423	0.31544775022281846	-1.4700449	1.4700449	-1.4700449	-1.3878189	-1.0620567	1.1959313	1.2039196	-1.4287348	1.0125865	-1.0855701	1.2647258	0.16082075	0.084457815	0.7855913	0.29340753	0.1797027	0.3839015	0.9520056	0.6752903	0.14440247			
TMEM176B_33294	171411	tmem176b	0.0448679769704189	0.31377598329862716	-1.0806961	1.0806961	-1.0451499	-1.0571232	-1.0429978	-1.0657994	1.0397677	-1.0426663	-1.0745872	-1.0556797	-1.0806961	0.23097624	0.35970497	0.2801961	0.099475816	0.34394634	0.22254677	0.06498901	0.23449527	0.0654446			
TMEM43_32474	362401	tmem43	0.002013693113169553	0.23133567463464372	-1.253173	1.253173	-1.081742	-1.0171429	-1.0390453	-1.0941811	-1.0352865	-1.1055869	-1.1895927	-1.1073844	-1.253173	0.12869522	0.7503389	0.5593239	0.23100668	0.58031005	0.119290665	0.1004903	0.0953066	0.003528825			
TP53_10062	24842	tp53	0.0011980830670926517	0.23133567463464372	-1.2221065	1.2221065	-1.0523415	-1.0585573	-1.0984981	-1.046478	-1.1109488	-1.1075599	-1.148987	-1.2221065	-1.1351321	0.11124583	0.15014118	0.08480052	0.44847637	0.123584814	0.044024393	0.0013275131	1.21203826E-4	0.004091186			
TP53BP2_10064	305025	tp53bp2	0.010165437512457643	0.25916007767187443	-1.4218912	1.4218912	-1.194036	-1.0969322	-1.2026583	-1.0396883	-1.11426	-1.3415377	-1.1661043	-1.2207948	-1.4218912	0.19970822	0.40693715	0.102134734	0.6284498	0.29345348	0.105526425	0.012787122	0.0019221622	0.0037748162			
TRAK2_10073	171086	trak2	0.04012841091492777	0.3066492478132731	-1.0890038	1.0890038	-1.0351185	-1.0058979	-1.0388799	1.0063175	-1.0345585	-1.0566926	-1.0822381	-1.0438617	-1.0890038	0.43867764	0.88267773	0.2504591	0.7965674	0.35934988	0.06780832	0.07423862	0.24461125	0.017294517			
TSR1_10097	100360406	tsr1	0.0093831104012777	0.25916007767187443	-1.1068639	1.1068639	-1.0175853	-1.004972	-1.0469527	-1.0457251	-1.0017915	-1.0601671	-1.1068639	-1.087971	-1.0879679	0.6457071	0.8777534	0.17347263	0.24001364	0.94649327	0.037212614	0.010434618	0.01419298	0.026807986			
TTK_32727	315852	ttk	0.025995125913891144	0.27503651355526276	-3.4449635	3.4449635	-1.1655624	-1.1050205	1.1363076	-1.1408292	-1.21215	1.0904099	1.0455024	-3.4449635	-1.9970974	0.6215742	0.75697607	0.5608317	0.61594856	0.573395	0.69620633	0.8840809	0.017378077	0.15561809	30.0	100.0	
TUBA1C_32945	64158;300218	tuba1a;tuba1c	0.024823410696266396	0.27140779233029244	-1.1956704	1.1956704	-1.0456945	-1.0448189	-1.0680472	-1.0165149	-1.0474867	-1.1203847	-1.1956704	-1.1363258	-1.0929636	0.2538898	0.4140689	0.22119862	0.7367936	0.3889799	0.064371936	0.0105253905	0.07761692	0.07106274			
TXNRD1_10114	58819	txnrd1	0.0031397174254317113	0.23133567463464372	-1.194574	1.194574	-1.1317241	-1.000023	-1.1042774	-1.0011673	-1.0235577	-1.1346762	-1.186043	-1.1368223	-1.194574	0.07759959	0.99970466	0.12945065	0.98879004	0.36034784	0.0035272695	0.0012282412	0.0024154927	9.386313E-4			
TYMS_32803	29261	tyms	0.01705672352241174	0.25916007767187443	-1.0782567	1.0782567	-1.0135711	1.0177647	-1.0210863	-1.0007361	1.0124842	-1.0358908	-1.0144933	-1.0365155	-1.0782567	0.4453578	0.6096	0.35992348	0.9806428	0.7852774	0.09495685	0.6633164	0.10848162	0.0020906003			
UBE2J1_10122	297961	ube2j1	0.015268689272258577	0.25916007767187443	-1.100073	1.100073	1.0182413	1.0205573	-1.038278	1.0390548	-1.0172774	-1.0542593	-1.100073	-1.068546	-1.0286809	0.60320574	0.49523655	0.11720428	0.20832896	0.48671952	0.038464062	0.007285766	0.037771206	0.1033956			
UBE3B_10126	687633	ube3b	0.012062726176115802	0.25916007767187443	-1.1729796	1.1729796	-1.1422969	-1.0476002	-1.1034422	-1.0053635	-1.1395928	-1.0325809	-1.1605865	-1.1213244	-1.1729796	0.14053592	0.20398866	0.07491186	0.90295476	0.042246506	0.31839627	0.081593715	0.0033354338	0.020479953			
UGDH_10131	83472	ugdh	0.015402612595047768	0.25916007767187443	-1.2127162	1.2127162	-1.0109174	-1.0272087	-1.0684344	1.0511885	1.0297656	-1.0392319	-1.1595485	-1.0830246	-1.2127162	0.8053704	0.6073461	0.33089453	0.6640375	0.6400504	0.39213166	0.022224884	0.06547045	0.02214747			
USP1_10136	313387	usp1	0.04910444757496478	0.31544775022281846	-1.1100175	1.1100175	1.0038373	-1.010352	-1.0108439	1.0005999	-1.0081866	-1.0551369	-1.1100175	-1.1012516	-1.0251491	0.9214407	0.78495026	0.7345055	0.9788656	0.7442915	0.07940101	0.06979686	0.016695883	0.39558178			
USP6NL_10141	291309	usp6nl	0.023928215353938187	0.2708602486816422	-1.6370807	1.6370807	-1.191144	-1.1854731	-1.2141609	-1.0040305	-1.0741959	-1.158974	-1.0557613	-1.2917582	-1.6370807	0.092789635	0.29701573	0.23087576	0.97721815	0.7383084	0.32190758	0.4289779	0.16779892	0.020209061			
VAMP2_10146	24803	vamp2	0.0027899561578318055	0.23133567463464372	-1.236372	1.236372	-1.1162426	-1.1008255	-1.1296926	-1.0437903	-1.1385065	-1.1737506	-1.236372	-1.1481807	-1.1260246	0.04804487	0.16520207	0.017521175	0.38532773	0.023775844	0.0071176565	6.3932233E-4	0.03785811	0.013323735			
VWF_32396	116669	vwf	0.016850551654964893	0.25916007767187443	-1.1641246	1.1641246	-1.019117	-1.0790768	-1.0922705	-1.0957243	1.0174967	-1.094011	-1.1317791	-1.1269877	-1.1641246	0.6548366	0.34880176	0.14122055	0.16124944	0.76312137	0.11376833	0.030828763	0.063806325	0.029251697			
WDR43_10168	362703	wdr43	3.968253968253968E-4	0.16414790996784565	-1.120306	1.120306	-1.0656824	-1.058908	-1.0421495	-1.0537763	-1.0505292	-1.0974718	-1.1084268	-1.0649441	-1.120306	0.015364409	0.19263457	0.118380345	0.097721785	0.07227954	8.76799E-4	0.010864775	0.011323002	1.0068814E-4			
WDTC1_10172	313020	wdtc1	0.0291395944083481	0.2793013106850482	-1.1083308	1.1083308	-1.0170119	-1.0140216	-1.0395129	1.0126445	-1.0269465	-1.0535012	-1.1083308	-1.0969055	-1.0609328	0.60712475	0.7408133	0.27008948	0.7404172	0.3570524	0.058984086	0.018385243	0.00936119	0.021286879			
WIPI1_32665	303630	wipi1	0.025893215576073866	0.27503651355526276	-1.1218545	1.1218545	1.0265778	-1.0432785	-1.0322554	-1.0393374	-1.1218545	-1.046945	-1.0606811	-1.1124793	-1.0573982	0.40227333	0.34863243	0.40801316	0.32275605	0.020021122	0.29441687	0.17104708	0.022279028	0.17327997			
YME1L1_32545	114217	yme1l1	0.005312868949232586	0.25916007767187443	-1.1790982	1.1790982	-1.0579994	-1.0265152	-1.0994099	-1.0559523	-1.0379893	-1.0865643	-1.1790982	-1.1305046	-1.0630902	0.12290801	0.5570902	0.011260579	0.253632	0.29050785	0.055415545	0.023238627	8.848548E-4	0.042058583			
YWHAB_10191	56011	ywhab	0.04360056258790436	0.31377598329862716	-1.110159	1.110159	-1.0527247	-1.0214787	-1.0663749	-1.0184251	-1.0553728	-1.0654843	-1.110159	-1.0787297	-1.0885231	0.28864965	0.6155824	0.1934543	0.6582175	0.1934304	0.10188915	0.040324017	0.07685228	0.026580235			
YWHAZ_10194	25578	ywhaz	0.01791044776119403	0.25916007767187443	-1.1171203	1.1171203	-1.0114436	-1.0208918	-1.0607971	-1.0061572	-1.0352051	-1.0591908	-1.1171203	-1.0768514	-1.0625404	0.68711805	0.49331272	0.17531025	0.8711339	0.18653698	0.08108144	0.0091892	0.0151923755	0.017239358			
ZFP110_10199	308362	zfp110	0.022649829625175387	0.27036274376583147	-1.2726177	1.2726177	-1.022695	-1.0386537	-1.0746483	-1.1155434	-1.1081711	-1.1464316	-1.2726177	-1.2312733	-1.1806376	0.7900961	0.6440426	0.3753092	0.34923184	0.21878923	0.099752136	0.07559837	0.044880327	0.053114496			
