Williams Trend Test
Data Source: P2_Perfluoro_3_methoxypropanoic_acid_Female_Kidney-expression1
Work Source: null
BMDExpress3 Version: BMDExpress 3.20.119 BETA
Timestamp (Start Time): 12/14/2025 07:31.34
Number of Permutations: 10000
Unadjusted P-Value Cutoff: 0.05
Multiple Testing Correction: false
Filter Out Control Genes: true
NOTEL/LOTEL Test: T-Test
NOTEL/LOTEL p-Value Threshold: 0.05
NOTEL/LOTEL Fold Change Threshold: 2.0
Total Run Time: 15 seconds

Chip: BioSpyder S1500_Rat
Provider: BioSpyder

=== Experiment Description ===
Experiment Type: in vivo
Test Article: Perfluoro-3-methoxypropanoic acid | CAS: 377-73-1 | DSSTOX: DTXSID70191136
Subject Type: in vivo
Species: rat
Strain: Sprague-Dawley
Sex: female
Organ: kidney
Article Route: oral
Article Vehicle: feed
Administration Means: dietary
Study Duration: 28d
Platform: BioSpyder S1500+ Rat
Provider: BioSpyder
Article Type: chemical
Chip File Creation Date: 10/31/24
Log Transformation: NONE
BMDExpress3 Version: BMDExpress 3.20.119 BETA
Timestamp: 12/14/2025 07:06.33

Probe ID	Gene ID	Gene Symbol	Unadjusted P-Value	Adjusted P-Value	Max Fold Change	Max Fold Change Unsigned	FC Dose Level 1	FC Dose Level 2	FC Dose Level 3	FC Dose Level 4	FC Dose Level 5	FC Dose Level 6	FC Dose Level 7	FC Dose Level 8	FC Dose Level 9	NOTEL/LOTEL T-Test p-Value Level 1	NOTEL/LOTEL T-Test p-Value Level 2	NOTEL/LOTEL T-Test p-Value Level 3	NOTEL/LOTEL T-Test p-Value Level 4	NOTEL/LOTEL T-Test p-Value Level 5	NOTEL/LOTEL T-Test p-Value Level 6	NOTEL/LOTEL T-Test p-Value Level 7	NOTEL/LOTEL T-Test p-Value Level 8	NOTEL/LOTEL T-Test p-Value Level 9	NOTEL	LOTEL
ABCC3_7941	140668	abcc3	0.013372664700098328	0.20334316617502457	-1.1474746	1.1474746	-1.0646063	-1.013508	1.0402915	-1.0190097	-1.0282418	-1.0229924	1.0011243	1.0157168	-1.1474746	0.2370452	0.7025624	0.3226256	0.66690797	0.46184757	0.42680466	0.9775958	0.75810915	0.009439466			
ABCF1_7945	85493	abcf1	0.04532912889239259	0.3188457093519315	-1.0547273	1.0547273	-1.0451093	-1.0046644	1.0363722	-1.0102552	-1.0215803	-1.0229372	-1.0041089	-1.0105381	-1.0547273	0.06783461	0.8159705	0.060738724	0.5718574	0.16551273	0.17121556	0.7164985	0.7294888	0.08000478			
ABHD6_7951	305795	abhd6	0.01066982809721399	0.17764019448946516	-1.1346853	1.1346853	-1.0542012	-1.0347724	-1.0900296	-1.0458078	-1.0553843	-1.0217518	-1.0721374	-1.1346853	-1.0279349	0.09166598	0.3387621	0.0026827354	0.07377584	0.118748896	0.23087728	0.0029735018	0.0014129468	0.58456284			
ACAA1A_7954	24157;501072	acaa1a;acaa1b	2.103049421661409E-4	0.03362437604669691	1.1702039	1.1702039	-1.0197717	1.0025846	1.0262841	1.0201039	1.0202061	1.0204586	1.0315436	1.0369465	1.1702039	0.44888875	0.9154411	0.2564481	0.37600976	0.31926885	0.29999164	0.14689618	0.19688912	0.080081485			
ACAA2_7955	170465	acaa2	4.0461258345134534E-4	0.04999879113174246	1.0873283	1.0873283	1.0256672	1.0129696	-1.0062572	1.01334	1.0104715	1.0104724	1.0203751	1.0009116	1.0873283	0.1772394	0.5238628	0.7242149	0.37839603	0.61193264	0.58633286	0.19096343	0.9602196	0.014062124			
ACADM_7957	24158	acadm	0.043354943273905995	0.31685152404001016	1.0329431	1.0329431	-1.0079646	-1.0070353	1.0329431	1.0120567	1.0074438	-1.0070858	1.0092773	1.0203032	1.0238487	0.3947931	0.392111	0.024582582	0.2956322	0.5704248	0.46778828	0.27206084	0.097644195	0.14002112			
ACSM3_7976	24763	acsm3	0.034579252448530884	0.28069444444444447	-1.1500381	1.1500381	-1.0257674	-1.0340021	-1.0772641	1.0021036	-1.0636528	-1.0190595	1.0082821	-1.1500381	1.1234819	0.7061608	0.527623	0.18828157	0.96803665	0.411885	0.8058758	0.87953824	0.012865857	0.09103302			
ACY3_32489	293653	acy3	0.022148623473400953	0.2377618804292284	1.0809889	1.0809889	1.0186948	-1.0030345	1.0020021	1.0148299	1.0113044	1.0051754	-1.0055672	-1.0162572	1.0809889	0.2603091	0.8535086	0.94289356	0.3998245	0.49399588	0.7278053	0.7712036	0.5401786	0.27621865			
ADSL_32625	315150	adsl	0.04616283599532528	0.32251602985923206	-1.0799646	1.0799646	-1.028257	-1.0401922	1.0223138	-1.0285383	-1.0423626	-1.0400661	-1.0143816	-1.0453123	-1.0799646	0.11063022	0.24389623	0.6111303	0.40330976	0.06041695	0.18624991	0.47211346	0.15438856	0.049520396			
AEBP1_33321	305494	aebp1	0.012137823022709476	0.1920929248077137	-1.1425782	1.1425782	-1.1425782	1.0051817	1.0304703	1.0169381	1.0619602	-1.008216	1.012984	1.0580263	1.069237	0.059490826	0.84381485	0.29665077	0.4979081	0.11383147	0.76619834	0.7138387	0.20616102	0.45350057			
AKT2_32310	25233	akt2	0.038204592901878914	0.2983593302665017	-1.3335735	1.3335735	-1.0796189	1.0081406	-1.3079782	-1.1698899	-1.1732068	-1.0503658	-1.0245539	1.0256363	-1.3335735	0.23442149	0.9228401	0.014592602	0.06399601	0.003768038	0.34365696	0.73705816	0.6972963	0.35500446			
ALDH1A1_8022	24188	aldh1a1	0.0037848605577689245	0.12707274466945814	-1.0474819	1.0474819	1.0147972	-1.0302963	-1.0258683	-1.0067837	-1.0276967	-1.0355889	-1.0378529	-1.0404456	-1.0474819	0.14297982	0.034641836	0.011854013	0.69396794	0.062416233	0.04816401	0.085997	0.035769105	0.003330698			
ALDH6A1_8027	500693;81708	bbof1;aldh6a1	0.0014011208967173738	0.08050272494716938	-1.0438797	1.0438797	-1.0064219	1.0035417	1.0099585	1.0245014	1.0112258	-1.0004323	1.0125495	1.0139799	-1.0438797	0.48383382	0.7209638	0.34233654	0.009746607	0.5288524	0.93041915	0.2982851	0.39880475	0.0046588774			
ALDOA_8031	24189	aldoa	0.012984496124031008	0.1989032443296009	-1.0339857	1.0339857	-1.0092424	-1.0121883	1.0272485	-1.002728	-1.0012149	-1.005343	-1.0067118	-1.0091276	-1.0339857	0.45081353	0.16887942	0.10354693	0.82752794	0.9346825	0.50336564	0.544552	0.4150147	0.009981483			
AMDHD2_8039	302972	amdhd2	0.02353639240506329	0.2377618804292284	-1.0822263	1.0822263	-1.0110619	1.01316	1.011277	-1.0061231	-1.0102123	1.0088102	-1.0079017	-1.0447165	-1.0822263	0.63572115	0.5915401	0.6889722	0.8659075	0.64374995	0.7613322	0.75283957	0.15382902	0.10336215			
APPBP2_8068	303396	appbp2	0.024282560706401765	0.23969455239653645	-1.0314512	1.0314512	-1.008333	1.0183496	1.0045571	1.0138135	1.013348	1.0078396	-1.0010915	-1.0172994	-1.0314512	0.45743492	0.06861028	0.7297428	0.32411128	0.22358963	0.31918326	0.9062598	0.2339885	0.19655637			
ASAH1_8089	84431	asah1	0.02434035590100225	0.23969455239653645	-1.0210491	1.0210491	1.0077374	1.0087379	1.0117077	1.0122687	1.0124259	1.0179037	1.0048895	1.0177397	-1.0210491	0.6303458	0.15667105	0.37555227	0.14967786	0.09775389	0.014827589	0.5377579	0.16628714	0.2597828			
ASCC3_8090	309887	ascc3	0.019944707740916272	0.22934225914425133	1.0335952	1.0335952	1.0040413	-1.0004919	1.0335952	1.0015026	1.0055975	1.0100863	-1.0090573	1.0042385	-1.0305803	0.8009671	0.9726892	0.023407629	0.8964724	0.7017768	0.5672293	0.49308747	0.7837514	0.02633176			
ATIC_8100	81643	atic	0.013794443365067029	0.20804705854504355	-1.0894248	1.0894248	-1.0143273	1.0430344	1.063855	1.0484579	-1.0327041	-1.0058814	-1.0053653	1.0305493	-1.0894248	0.6600691	0.18844892	0.2556846	0.20291929	0.3463309	0.81611925	0.8290087	0.4526886	0.07110977			
ATP1A1_32617	24211	atp1a1	0.031767955801104975	0.2730830146183746	1.053115	1.053115	-1.0067313	1.0081446	1.053115	1.0236696	1.011331	-1.0018152	-1.0014936	-1.0176629	-1.0376115	0.68893754	0.5609353	0.035347335	0.23845908	0.63038796	0.92943025	0.9207717	0.44922584	0.13536847			
ATP5L_33116	300677	atp5mg	0.014147130153597413	0.208893346706787	-1.0382527	1.0382527	1.0218798	-1.0060266	-1.0301833	-1.0023952	-1.0047446	1.003193	1.0110208	-1.0051796	-1.0382527	0.20076981	0.6996255	0.114155754	0.8562551	0.685965	0.79951173	0.3608922	0.78020936	0.004918152			
ATP6V0D1_33093	291969	atp6v0d1	0.019226917684758663	0.22591628279591427	-1.0327405	1.0327405	1.006286	1.00406	-1.019426	1.003384	-1.0145526	1.013833	-1.009121	-1.0217474	-1.0327405	0.6880562	0.7008501	0.10491904	0.83544546	0.10056569	0.24534214	0.35266623	0.09064694	0.033877708			
ATP6V1D_8113	299159	atp6v1d	1.9778481012658228E-4	0.03362437604669691	-1.0354272	1.0354272	1.0193079	-1.0058664	-1.0040511	-1.000235	-1.0076227	-1.0013918	1.0011024	-1.0105932	-1.0354272	0.09828242	0.2839152	0.5814507	0.9659686	0.26764572	0.86174375	0.85035515	0.1513725	2.3434656E-4			
ATP6V1F_8114	116664	atp6v1f	0.012168362258128866	0.1920929248077137	1.02342	1.02342	1.013172	-1.0018581	-1.0048902	-1.0043612	-1.0037861	-1.0016706	-1.0022364	-1.0121362	1.02342	0.13491848	0.8026635	0.6133236	0.536125	0.6537686	0.86500794	0.72980535	0.1710741	0.16078313			
AXIN1_8118	79257	axin1	0.03474747474747475	0.28069444444444447	-1.1596569	1.1596569	-1.0810606	1.0710744	1.0156038	1.0355996	1.0323187	-1.0489246	1.018908	-1.0050145	-1.1596569	0.13066114	0.10928898	0.74715674	0.41733277	0.54618895	0.36356133	0.8044991	0.93929	0.17283821			
B3GNT1_8122	293667	b4gat1	0.04683794466403162	0.3261308739569609	-1.4575859	1.4575859	-1.1867628	-1.0574491	1.0666685	-1.0309399	-1.0443547	-1.1519191	-1.1665692	-1.1537256	-1.4575859	0.2093431	0.5995871	0.68518645	0.7998471	0.5669868	0.27408448	0.13893844	0.013904296	0.28531137			
BCL2A1_8136	170929	bcl2a1	0.004851425106124924	0.13005634936606963	-1.1794349	1.1794349	-1.0569116	-1.0160286	-1.084124	-1.0866793	1.0033518	1.0233878	1.0063567	1.0264832	-1.1794349	0.38723505	0.6869003	0.09799566	0.10506141	0.9363896	0.6560285	0.86526203	0.5396123	0.059458166			
BIRC2_8146	60371	birc2	0.03631861328931077	0.2898603430471173	-1.0472854	1.0472854	1.0038602	1.004719	1.0331986	1.0048736	1.0001724	1.0020815	-1.0103418	-1.02135	-1.0472854	0.79144096	0.7006713	0.037974592	0.7046725	0.9926383	0.88759595	0.47320873	0.5092892	0.21974833			
C3_8175	24232	c3	0.023066485753052916	0.2377618804292284	-1.1900823	1.1900823	1.0065824	-1.0250579	-1.0224932	-1.010748	1.07635	-1.0451447	-1.0028464	1.0265445	-1.1900823	0.91500163	0.62489647	0.7359988	0.76370347	0.37727857	0.19743675	0.9480349	0.5933819	0.063041024			
C9_8183	117512	c9	0.0392604902368093	0.2995966561244341	2.1716168	2.1716168	1.6963243	-1.1494312	1.1890664	1.1042532	1.8393123	-1.1273173	1.5059654	1.0027995	2.1716168	0.05565742	0.77437925	0.5453398	0.70463455	0.22466947	0.6725824	0.21666704	0.99377626	0.042706605	100.0	300.0	
CASQ1_32992	686019	casq1	0.005265289590927501	0.13442739350664284	-1.194376	1.194376	-1.0453408	-1.0160431	-1.0200737	-1.0444372	-1.0298345	1.0207652	-1.0200369	-1.0370679	-1.194376	0.43706268	0.5915829	0.5448416	0.32798806	0.46132138	0.66824174	0.7481033	0.30281067	0.062222503			
CCDC86_8215	293738	ccdc86	0.017786561264822136	0.22566017604694585	-1.0715742	1.0715742	1.0383711	1.0289745	1.0195215	1.0215844	1.0140486	1.0545381	1.0426444	1.0089113	-1.0715742	0.31600922	0.31660515	0.62066144	0.41620576	0.6040715	0.047460962	0.21723577	0.6928899	0.09069014			
CCND1_8224	58919	ccnd1	0.04983191615582361	0.3389881664810632	-1.0862623	1.0862623	1.0224253	1.049174	1.00316	-1.0153276	1.0125138	1.0131136	-1.0257151	-1.0538763	-1.0862623	0.56312144	0.34816146	0.93181276	0.52095306	0.6522948	0.79442513	0.41349143	0.13727087	0.20474999			
CCNG1_32302	25405	ccng1	0.0044943820224719105	0.1281844666212112	-1.2401701	1.2401701	1.0584915	1.0872706	1.0630885	-1.0492281	-1.0331738	1.024122	1.1047994	1.0669936	-1.2401701	0.3379778	0.36752814	0.33431795	0.3433815	0.61780965	0.72518575	0.21011437	0.17423534	0.003249015			
CCNH_8229	84389	ccnh	0.006965785699651711	0.1591622760337412	-1.0541797	1.0541797	-1.0270834	-1.0097599	-1.0068187	1.0172075	1.0014725	1.0186135	1.011617	1.0121971	-1.0541797	0.10164901	0.52870876	0.6921199	0.18710877	0.89487374	0.2310216	0.47795412	0.37664062	0.11811346			
CCP110_8230	361634	ccp110	0.03101560916278127	0.2730830146183746	-1.085107	1.085107	1.0023642	1.0058929	1.0279874	1.018453	1.0297793	1.0179739	1.0322057	1.0488167	-1.085107	0.9336991	0.9102979	0.38663444	0.32124647	0.22319983	0.50527644	0.14551634	0.055923462	0.21159196			
CCT2_8233	299809	cct2	0.01073743922204214	0.17764019448946516	-1.0344324	1.0344324	1.000262	1.0023565	1.0097454	1.0081183	1.0167	-1.007542	1.0061368	1.0212493	-1.0344324	0.98661953	0.7910662	0.3308432	0.1482531	0.18901871	0.3780509	0.5253651	0.14029214	0.06556935			
CD33_33256	690492	cd33	0.02059813824519707	0.2327702179839756	1.2552092	1.2552092	-1.2377704	1.0485162	-1.0845016	1.041608	1.1273478	-1.0281324	-1.0537695	1.2552092	1.1833087	0.26639253	0.6326348	0.4814876	0.80011517	0.24119875	0.8165623	0.63329774	0.049658712	0.085846655			
CD55_33080	64036	cd55	0.025388703011218264	0.24499084402143065	-1.1022778	1.1022778	-1.0450623	-1.0032467	1.0172714	1.010318	-1.0020716	1.02152	-1.0092381	1.0035449	-1.1022778	0.19720508	0.8972214	0.4977271	0.7375714	0.9303672	0.57849705	0.77631235	0.923603	0.0810555			
CDC20_8255	64515	cdc20	0.04220147802411513	0.31280522062319027	-1.1376215	1.1376215	-1.0220362	-1.1122683	1.0560664	-1.0321056	-1.0687481	-1.0077529	-1.0714035	-1.091718	-1.1376215	0.6505885	0.008459102	0.1408342	0.6143758	0.0610396	0.85597086	0.021817824	0.29088336	0.07048741			
CDC6_32573	360621	cdc6	0.012572340850129714	0.1954857208877312	-1.7902603	1.7902603	-1.311083	-1.4529216	1.0542065	-1.7902603	-1.1225111	-1.3279104	-1.3954461	-1.4037821	1.4214882	0.24750416	0.24884583	0.7266934	0.04630857	0.40729526	0.26912576	0.1409905	0.2824264	0.060065158			
CDH2_32994	83501	cdh2	0.044317950803008745	0.31814833422844374	1.1945399	1.1945399	-1.0467507	1.0442196	1.1945399	1.0943042	1.1022767	1.0542629	1.1472591	1.0610256	1.0491899	0.30007923	0.19205552	0.005751101	0.16506271	0.066618025	0.17668639	0.004053073	0.23738924	0.34304464			
CDKN3_8274	289993	cdkn3	0.004473363155754371	0.1281844666212112	-1.6155547	1.6155547	-1.0000808	1.1039758	1.1069248	1.000191	-1.0149959	-1.0038167	-1.1029713	1.061502	-1.6155547	0.99923086	0.27999553	0.38689503	0.99839664	0.8783863	0.96523535	0.46327776	0.41151586	0.10879601			
CEBPD_8283	25695	cebpd	0.032589016294508145	0.2750779008042565	1.1005938	1.1005938	-1.0006311	-1.0046936	-1.031269	-1.0038575	1.0565764	1.0603213	1.0015886	1.039094	1.1005938	0.9876406	0.81935257	0.41515014	0.8817724	0.07077233	0.101584494	0.9606837	0.2715083	0.25014243			
CEBPZ_8284	362686	cebpz	0.038989028213166146	0.29929885341912066	1.1255993	1.1255993	1.005356	1.0174484	1.1255993	1.0523549	1.0264193	1.0045693	1.0171243	1.0622171	-1.0648907	0.8838002	0.57118845	0.04129662	0.09595813	0.51374245	0.8669946	0.5352399	0.19010212	0.17165147			
CKM_32556	24265	ckm	0.0010256410256410256	0.0707008547008547	-1.8400849	1.8400849	-1.0928621	-1.0689255	-1.4784975	-1.0270531	-1.2967381	-1.4318234	-1.0307244	1.0487142	-1.8400849	0.40360332	0.4829054	0.017604638	0.80657023	0.020055544	0.03709543	0.7371185	0.49742103	0.017032716			
CLEC4A_32636	474143	clec4a	0.008227975115392335	0.16237779246023767	-1.2304404	1.2304404	-1.0890872	1.0275763	1.0376352	-1.0233732	1.0043439	-1.0581061	-1.0998807	1.0663836	-1.2304404	0.17152388	0.52193433	0.48905706	0.6917111	0.9353443	0.21561569	0.3056782	0.21273118	0.02599514			
CLEC4A3_8330	362431	clec4a3	0.007080720210398544	0.1591622760337412	-1.2023319	1.2023319	-1.1250249	-1.1125231	-1.0099087	-1.0624171	-1.0536028	-1.0626022	-1.104978	1.0322062	-1.2023319	0.12905076	0.071476944	0.8311694	0.22526701	0.41393554	0.19612752	0.0071675284	0.29278395	0.092820786			
CLIC1_8331	406864	clic1	0.007266300078554596	0.16	-1.0470743	1.0470743	-1.0321487	-1.0046408	1.0304207	-1.0139236	-1.0051165	-1.0094131	-1.0016919	1.0066483	-1.0470743	0.089471005	0.6553222	0.0628544	0.29150122	0.7513755	0.38917822	0.9004633	0.66867226	0.0070985393			
CLTC_8337	54241	cltc	2.0588840848260242E-4	0.03362437604669691	-1.0383832	1.0383832	1.0034703	1.0121357	1.0103338	-1.0022491	-1.0020615	1.0082433	1.0189501	1.0194513	-1.0383832	0.56662965	0.10452591	0.062470343	0.7620478	0.6810628	0.22916959	0.048261307	0.051293634	0.039394025			
CML1_33145	59300	nat8f1	0.0016090104585679806	0.08204802666164115	-1.1164784	1.1164784	-1.0511913	-1.0266495	-1.0389823	-1.0107148	-1.0425279	1.0128936	-1.0180066	1.0060219	-1.1164784	0.08374604	0.21996327	0.13412753	0.31773606	0.16001406	0.6976448	0.50004476	0.85482	0.0076765195			
CML3_32841	113892	nat8f3	0.03220738413197172	0.2740941168103601	1.1500041	1.1500041	-1.0519946	1.0123326	1.0096703	1.0454483	1.058116	-1.0819565	-1.0054414	1.0213231	1.1500041	0.65630853	0.71461034	0.88117033	0.3168372	0.28434965	0.13775809	0.89547974	0.7415032	0.17094074			
COASY_8346	287711	coasy	0.026404605916219973	0.24820329561246776	1.0965207	1.0965207	-1.0306789	1.0143795	1.0965207	1.0358808	1.0282508	1.0080605	1.0367099	1.042835	-1.0638514	0.37498286	0.63010556	0.017025575	0.22018547	0.29350832	0.71470225	0.18162377	0.2552202	0.21948503			
COMT_32835	24267	comt	0.03177422537990922	0.2730830146183746	-1.0583837	1.0583837	-1.0353616	-1.0048817	1.0083268	-1.0097057	-1.0235554	-1.0100894	-1.0123272	-1.0583837	-1.0481284	0.061428018	0.8669745	0.576284	0.60448277	0.2526458	0.5703627	0.4046628	0.01563911	0.0029986845			
CPS1_32421	497840	cps1	0.042109484660116304	0.31280522062319027	1.3141668	1.3141668	1.1085118	-1.0010784	1.163735	1.0748643	-1.0230259	-1.0196071	1.0969042	1.0453359	1.3141668	0.3300675	0.9936637	0.13455838	0.41784015	0.89798844	0.87114054	0.483969	0.6617003	0.12661861			
CREG1_8380	289185	creg1	0.01632815611310235	0.22362004531056728	1.0296248	1.0296248	1.025294	1.0066547	1.0096605	-1.0035625	1.0069737	1.0179864	1.0047022	-1.0033052	1.0296248	0.012404549	0.5063935	0.37011385	0.670849	0.5549533	0.18102694	0.6386437	0.7609899	0.013413465			
CRELD2_8381	362978	creld2	0.015655965120887832	0.21861302824764692	-1.070561	1.070561	-1.0076249	1.0185575	1.0403532	1.0392194	-1.0033468	-1.0177155	1.0066112	1.0170425	-1.070561	0.81023544	0.3646948	0.36324126	0.069339	0.8769716	0.15066755	0.6119663	0.48782527	0.14597498			
CRK_8382	54245	crk	0.004001600640256103	0.12707274466945814	-1.0680116	1.0680116	-1.001328	1.0221432	1.0266165	1.00921	1.0047877	-1.0070289	1.0251685	1.0316402	-1.0680116	0.95011795	0.31461126	0.27132133	0.6727332	0.8154986	0.76479197	0.3490406	0.19500981	0.0075941887			
CRYZ_8389	362061	cryz	0.04447546868767451	0.31814833422844374	-1.1061139	1.1061139	-1.0494379	1.0478003	1.081271	-1.0514977	-1.0472914	-1.0044007	-1.0069023	1.0169492	-1.1061139	0.4158204	0.21131656	0.10113705	0.32254186	0.34842655	0.9170686	0.89110184	0.6612842	0.045444448			
CSNK1A1_8393	113927	csnk1a1	0.03837697381571057	0.2983593302665017	-1.0266794	1.0266794	-1.0061299	-1.0043377	1.007973	-1.0074503	-1.0076557	-1.0062045	-1.006347	1.0073019	-1.0266794	0.62012815	0.6592105	0.24080099	0.4717583	0.3780636	0.2926385	0.40737712	0.49174637	0.15846187			
CTH_32463	24962	cth	0.03658295432074352	0.2898603430471173	-1.0585185	1.0585185	-1.0069844	1.0118947	1.0002816	-1.0145922	1.0018477	1.0150019	-1.0075154	-1.009852	-1.0585185	0.77239394	0.5743054	0.9855302	0.46396872	0.920124	0.60622936	0.7394322	0.6721497	0.08371357			
CTNND1_8401	311163	ctnnd1	0.02943485086342229	0.2658134130373681	1.0343341	1.0343341	-1.0062612	1.0079043	1.0343341	1.0117656	1.0088814	1.0085291	1.0005087	1.008606	-1.0227838	0.5703341	0.46697965	0.017973695	0.37568676	0.3250811	0.49858686	0.96162486	0.5611918	0.134503			
CXCL12_32815	24772	cxcl12	0.0450761421319797	0.31814833422844374	-1.0656763	1.0656763	-1.0338734	-1.0153142	-1.0552484	-1.04959	-1.0150307	-1.0023853	-1.0053476	1.0194685	-1.0656763	0.26936653	0.5004125	0.04107379	0.0069667697	0.594592	0.9120871	0.8305574	0.24814975	0.17827933			
CYB561_8412	303601	cyb561	0.022430668841761828	0.2377618804292284	-1.164156	1.164156	-1.0240245	1.0731888	1.0820366	1.0484463	1.0654249	1.0401955	1.0050628	1.0544124	-1.164156	0.59193873	0.20784564	0.2841593	0.44146207	0.23652886	0.43071517	0.9354593	0.30126682	0.2885276			
CYCS_8414	100363502;25309	cycs-ps9;cycs	1.9876764062810574E-4	0.03362437604669691	-1.1021776	1.1021776	1.0071943	-1.0319253	-1.0212755	-1.010001	-1.0279067	-1.0352895	-1.0270364	-1.032234	-1.1021776	0.6916401	0.029987449	0.15689272	0.42945382	0.060256213	0.017563721	0.21040702	0.07191186	5.541009E-4			
CYP2C6V1_33169	293989;100911718	cyp2c6;loc100911718	0.043203586712859184	0.31685152404001016	1.9660995	1.9660995	1.4596424	1.2253343	1.1696044	1.2454345	1.5307992	-1.3804767	1.5829042	-1.171061	1.9660995	0.397559	0.33552295	0.46600088	0.26225233	0.34539193	0.33303112	0.046101686	0.49343035	0.05122706			
CYP2E1_8421	25086	cyp2e1	0.006493506493506494	0.15435139573070608	1.0785816	1.0785816	1.0273104	1.0110615	1.03937	1.0188413	1.0139979	-1.0325592	-1.0085189	1.0021502	1.0785816	0.23551506	0.5411252	0.15143853	0.2656129	0.58754814	0.14209636	0.7549197	0.8977018	0.08660647			
CYP2J4_32580	65210	cyp2j4	0.03428571428571429	0.28069444444444447	-1.1965737	1.1965737	-1.0592196	1.0415949	-1.0394003	-1.0241047	-1.0362874	-1.0424095	1.0224844	-1.0011327	-1.1965737	0.38603067	0.35047626	0.36124218	0.5534188	0.35182786	0.6136778	0.65919715	0.9841613	0.1388702			
CYP3A2_32374	266682	cyp3a2	0.027931854199683043	0.25935009196811776	-2.2513847	2.2513847	1.0410848	1.0121232	1.2535182	-1.3904763	-1.055401	-2.2513847	1.0226989	-1.1787142	1.4871755	0.8377717	0.9675656	0.13584442	0.17965727	0.8114735	0.05067604	0.8966659	0.4433442	0.09238013			
CYP4A1_33111	50549	cyp4a1	0.03272435253965067	0.27509740265039667	1.0682104	1.0682104	-1.0226994	1.0094129	1.0372856	1.0336412	1.0046694	-1.0413326	1.0172298	1.0121025	1.0682104	0.4462506	0.73135036	0.10299755	0.15441392	0.89569545	0.13787945	0.62750167	0.6657142	0.20796908			
CYP4A2_8425	24306	cyp4a2	0.01892622634221707	0.22591628279591427	-2.434961	2.434961	-2.434961	-1.144477	1.1207168	1.1374328	1.0653069	-1.5360283	1.1216315	1.2098552	1.2490076	0.036610954	0.6606689	0.375555	0.27652988	0.7781159	0.057031207	0.3216127	0.08768697	0.08678428	0.0	0.01	
DCUN1D4_8444	360928	dcun1d4	0.009325396825396825	0.16913800454185554	-1.0467262	1.0467262	1.0167348	1.0253905	1.0052245	-1.0037831	-1.016264	1.0023853	1.013426	-1.0299672	-1.0467262	0.37619773	0.27919805	0.81319106	0.85057914	0.3926628	0.9082267	0.58177704	0.11349761	0.049710892			
DDX21_8454	685025;317399	ddx21-ps1;ddx21	0.004818309576390283	0.13005634936606963	-1.0916941	1.0916941	-1.0161283	-1.0001645	1.0242213	1.0058966	-1.0159633	-1.0244015	1.0032935	1.0143764	-1.0916941	0.43320206	0.99181706	0.33202025	0.741563	0.38954532	0.36876926	0.89588237	0.52105063	0.044995904			
DECR1_8458	117543	decr1	0.002260583641594739	0.10155383589168573	1.083086	1.083086	1.0225825	1.007295	-1.0157927	-1.0066663	1.0195931	1.01927	1.0258746	1.0355588	1.083086	0.26681662	0.54618204	0.42104098	0.5709977	0.30152985	0.19575448	0.19358051	0.10345701	0.13796163			
DHDDS_8467	298541	dhdds	0.00975808091075422	0.17057880844645548	1.0897357	1.0897357	-1.0341225	-1.0091294	1.0506858	1.0226488	-1.0168734	-1.0239614	-1.0069612	-1.0525904	1.0897357	0.28187332	0.73308367	0.045872435	0.4438361	0.5430103	0.29424664	0.8184559	0.22320932	0.22089845			
DNM1L_8487	114114	dnm1l	8.215239268843705E-4	0.06614425075963537	-1.1376586	1.1376586	-1.0432724	-1.0235281	-1.0164738	-1.0464959	-1.0359974	-1.0150594	-1.0177745	-1.0436591	-1.1376586	0.013907806	0.15461883	0.5569405	0.008769347	0.21992514	0.5306554	0.31665596	0.20430928	0.07778001			
DNMT3A_8489	444984	dnmt3a	0.008244520410215162	0.16237779246023767	-1.0813607	1.0813607	-1.0812038	1.0160668	1.0345252	-1.0232981	-1.0343843	1.0086899	1.0032387	1.000845	-1.0813607	0.030852636	0.32466236	0.079495594	0.37038004	0.06807105	0.6304887	0.81392527	0.9728283	1.8462125E-6			
DPP7_8492	83799	dpp7	0.03831269349845201	0.2983593302665017	1.0596489	1.0596489	1.0034797	-1.001547	1.0596489	1.0283955	1.0288099	-1.004612	1.011317	-1.0005883	-1.0279241	0.7888671	0.91706294	0.017429752	0.15470521	0.11134378	0.81666523	0.52952516	0.9807715	0.013660597			
DPYSL2_8495	25416	dpysl2	0.04311209143773812	0.31685152404001016	-1.0479391	1.0479391	-1.0076296	1.008905	1.0075109	1.0040642	1.0107098	-1.0057386	-1.0046602	1.0374788	-1.0479391	0.7938712	0.6622357	0.64109474	0.7168536	0.31355605	0.5789335	0.76898223	0.106348045	0.2507481			
DTX3L_8500	498089	dtx3l	0.01919934640522876	0.22591628279591427	-1.1578022	1.1578022	-1.0443026	1.0263371	-1.0407009	-1.0754544	-1.0222214	1.0283512	-1.0148258	1.0296952	-1.1578022	0.23281851	0.49679068	0.39592275	0.039076854	0.65863	0.667322	0.66366154	0.37913275	0.20543344			
DUSP11_8501	297412	dusp11	0.031663326653306616	0.2730830146183746	-1.0259353	1.0259353	1.0005643	1.0224457	1.0234655	1.0142089	-1.0100819	-1.0185034	1.0121424	1.021751	-1.0259353	0.95992523	0.13355908	0.1987195	0.20952573	0.45566985	0.16613027	0.41310722	0.15025786	0.2525816			
E2F1_8509	399489	e2f1	0.0440251572327044	0.31814833422844374	-1.6898	1.6898	-1.4198749	-1.0900211	1.0843319	-1.2334533	-1.1218143	-1.0120519	-1.4167318	-1.6440362	-1.6898	0.020808682	0.6058904	0.5873826	0.17263316	0.3157403	0.9450942	0.028177695	0.12931453	0.0091258325			
ECHS1_8519	140547	echs1	0.0015816528272044287	0.08204802666164115	1.034103	1.034103	1.032558	1.0177974	1.034103	1.0228007	1.0221767	1.0311251	1.0202752	1.0125647	1.0088272	1.9233393E-4	0.030404564	5.377772E-4	0.0030765901	0.0025006824	1.783733E-4	0.02793869	0.08051277	0.22359717			
ECI1_8520	29740	eci1	0.005021971123666039	0.13005634936606963	1.0833892	1.0833892	1.010846	-1.0004728	1.0040921	-1.0109936	-1.0128975	-1.013413	-1.0157914	1.0048912	1.0833892	0.5425929	0.9689616	0.85386425	0.47261927	0.27723053	0.31582996	0.3167972	0.70046616	0.2229511			
ECT2_8523	361921	ect2	0.015082644628099174	0.2144385884382898	-1.6744698	1.6744698	-1.060985	-1.1044494	1.0411155	-1.0904942	-1.0719296	-1.138643	1.0053624	-1.2902956	-1.6744698	0.5411777	0.24776193	0.63637996	0.44327423	0.5766866	0.32358977	0.95186204	0.12881769	0.16516538			
EEF1E1_8529	291057	eef1e1	0.00345388053636733	0.12707274466945814	-1.0851058	1.0851058	-1.0121427	1.0037308	1.0277194	-1.003315	-1.0110215	-1.0053241	1.0136695	1.006276	-1.0851058	0.5759203	0.8763428	0.18148012	0.8577296	0.4338566	0.7532244	0.2977394	0.7898951	0.06300707			
EHHADH_8534	171142	ehhadh	0.022792022792022793	0.2377618804292284	1.0853759	1.0853759	1.0324796	1.0033354	-1.0133736	-1.046671	-1.0199476	1.001121	1.0070797	1.0185784	1.0853759	0.17919482	0.8992142	0.708536	0.10346865	0.50057817	0.9543443	0.85486805	0.43302533	0.17780487			
EI24_32946	300514	ei24	0.008959875340864823	0.16844565640825868	-1.0337397	1.0337397	-1.0111876	-1.0068917	1.0013465	-1.0038362	-1.0096489	-1.010735	-1.0162876	1.0045834	-1.0337397	0.41409704	0.53392655	0.9160082	0.7010411	0.38044202	0.2543262	0.09092279	0.75574017	0.0062420415			
EIF1A_8536	317163	eif1a	0.018747337025990626	0.22591628279591427	-1.1244403	1.1244403	1.0216917	1.0794913	1.0749793	1.0429478	1.0347658	1.0779837	1.0717914	1.0766164	-1.1244403	0.70001996	0.13882892	0.17290522	0.4351556	0.50489044	0.14621499	0.17626038	0.1761323	0.32292733			
EIF4E_32598	117045	eif4e	8.143322475570033E-4	0.06614425075963537	-1.0244356	1.0244356	1.0136919	1.007919	1.0062498	1.00423	-1.0009973	1.0003672	1.0026075	-1.0021183	-1.0244356	0.09161828	0.40486342	0.43024883	0.4604111	0.86568785	0.94549274	0.638815	0.8001358	0.004745894			
EIF4G1_8551	287986;682402	eif4g1;eif4g1-ps1	0.019707317073170732	0.22895916689503976	-1.0481533	1.0481533	-1.0250057	-1.0037227	1.034111	1.0131494	-1.0006645	-1.0093997	1.0015378	1.0144416	-1.0481533	0.2632061	0.79300964	0.15449977	0.42153615	0.9732859	0.48039672	0.894354	0.48135746	0.0077659665			
EIF5_8552	108348073;295660	eif5;eif5-ps1	0.038223140495867766	0.2983593302665017	1.0159148	1.0159148	1.0095129	1.0133269	1.0080645	1.0123794	1.0047172	1.0159148	-1.0018742	1.002709	-1.014828	0.21513477	0.0595387	0.5090551	0.033768617	0.5100362	0.032009937	0.79402816	0.7391052	0.391809			
ENPP3_8562	54410	enpp3	0.008443908323281062	0.16319628422939472	-1.1329482	1.1329482	1.0001943	-1.0056837	-1.0446212	1.0069386	-1.010007	1.037177	-1.0546141	-1.0451512	-1.1329482	0.99209636	0.82507014	0.33244318	0.75731313	0.6937681	0.29922277	0.22241923	0.25102818	0.024049168			
ERO1LB_32533	364755	ero1b	0.020035707200952192	0.22934225914425133	-1.157998	1.157998	-1.157998	-1.0240235	-1.0241044	-1.1389506	-1.0436606	-1.1519263	-1.1407685	-1.0212417	1.1148461	0.102062054	0.4734988	0.6944014	0.12838432	0.2525958	0.20436998	0.0031590112	0.4990753	0.32074112			
ESR1_33192	24890	esr1	0.0033716779055930186	0.1267750892502975	-1.072771	1.072771	1.006236	-1.0112149	1.0152465	-1.0071976	1.0031863	-1.0046705	-1.0027443	1.0263093	-1.072771	0.5630693	0.34966427	0.50615084	0.43766692	0.78092957	0.7688189	0.8985515	0.21953882	0.05618437			
EVI2A_32378	685433	evi2a	0.04435079269516356	0.31814833422844374	-1.1227936	1.1227936	-1.0879678	1.0160731	1.0236115	-1.033288	1.040175	-1.0446842	1.0020987	1.0551275	-1.1227936	0.06284223	0.6203612	0.5575601	0.46197137	0.43034154	0.38418669	0.9630663	0.12905405	0.03698976			
F11R_8586	116479	f11r	0.005665168978316077	0.14287279813606887	1.0821337	1.0821337	-1.0014048	1.0077897	1.0821337	1.0192847	1.0020103	-1.0033052	1.0029259	1.0156307	-1.0550495	0.9392184	0.6467318	0.012440603	0.3631317	0.9485128	0.8166096	0.9068625	0.44422066	0.028061535			
FASTKD5_8612	366192	fastkd5	0.04184761152783261	0.3124218795651908	-1.1057751	1.1057751	1.0020688	1.0231079	1.0906999	1.0326777	1.0121824	-1.008642	1.0129778	1.0598303	-1.1057751	0.949541	0.64243233	0.16004157	0.41703102	0.7551987	0.79975563	0.60058904	0.33698353	0.14114644			
FBXO11_8619	301674	fbxo11	0.004749122444765641	0.13005634936606963	1.0463953	1.0463953	1.0120484	1.0231297	1.0463953	1.0337268	1.0220684	1.0250566	1.0137573	1.0243878	-1.0191149	0.35559636	0.0104686925	0.0025059555	0.013826906	0.08926006	0.0026316363	0.17756781	0.13836913	0.28892604			
FCN1_32819	83517	fcna	0.016673205178501373	0.22439121532263417	-1.6538402	1.6538402	-1.2762525	-1.4773502	-1.2840328	-1.1796386	-1.1836528	-1.2943983	-1.235888	1.3643159	-1.6538402	0.1854842	0.07779659	0.2313577	0.42206186	0.40081057	0.16922462	0.35664174	0.08461683	0.028505862			
FGF9_32781	25444	fgf9	0.017934568387859676	0.22591628279591427	-1.1038725	1.1038725	-1.0234785	1.0179442	1.0484616	1.0240893	-1.0050328	1.0359696	1.0023532	-1.0189435	-1.1038725	0.599074	0.59469354	0.29149577	0.3415284	0.85879034	0.25952527	0.94449073	0.6277196	0.04047171			
FIS1_8645	288584	fis1	0.010528406833531982	0.17740998838559813	-1.0503789	1.0503789	-1.0202245	-1.0143948	1.0137612	-1.0056677	-1.0064653	-1.0142885	1.0068653	1.0109134	-1.0503789	0.090140626	0.4671825	0.30653635	0.4651074	0.57675695	0.14793134	0.667204	0.37327024	0.07272071			
FKBP5_8650	361810	fkbp5	0.01936404402772116	0.22624205112614326	1.161947	1.161947	1.0994996	1.0303665	1.0669962	1.0672637	1.0877268	1.0298703	1.0386609	1.0291123	1.161947	0.011211343	0.21386105	0.12640065	0.10236047	0.0056013595	0.50858563	0.27293614	0.45472336	0.2776426			
FMO3_8654	84493	fmo3	0.023667462211614955	0.2377618804292284	-1.067664	1.067664	1.0267799	-1.0016537	-1.0078349	-1.0608635	1.018831	1.0308889	1.014763	1.0419699	-1.067664	0.24218667	0.96291715	0.6329398	0.0065667355	0.5332715	0.09656543	0.5323074	0.03695254	0.17451504			
FMO5_33281	246248	fmo5	6.285355122564425E-4	0.05651354084114449	1.114671	1.114671	1.0391716	1.0216879	1.0261029	1.0227716	1.0594208	1.0271143	1.0252663	1.037626	1.114671	0.10831568	0.100942515	0.064359605	0.11084776	0.0044855983	0.05506492	0.22002438	0.0049687503	0.1392517			
FSTL1_32837	79210	fstl1	0.043513458814005264	0.31685152404001016	1.2014235	1.2014235	-1.0521668	1.0380669	1.0766525	1.2014235	1.1796514	1.0470957	1.0270422	1.0791311	1.1947072	0.39083803	0.6297581	0.44887435	0.071222074	0.060471863	0.40627846	0.6850438	0.21679614	0.014764615			
G3BP1_8673	171092	g3bp1	0.04484304932735426	0.31814833422844374	-1.0187275	1.0187275	1.0013812	1.0067812	-1.0066737	-1.0076998	-1.0130603	1.0002276	-1.0015043	-1.0084946	-1.0187275	0.85624677	0.2942096	0.4793658	0.27987024	0.16760744	0.9722487	0.86549073	0.38282105	0.06689938			
GALM_32658	313843	galm	0.022092789716810605	0.2377618804292284	-1.3230054	1.3230054	-1.1216261	1.0776094	1.2443981	-1.0600098	-1.067283	-1.0013505	1.1915767	1.1153611	-1.3230054	0.12661004	0.39342946	0.0264326	0.6169562	0.58060825	0.9852599	0.118114695	0.30164808	0.113386735			
GAMT_8681	25257	gamt	0.0020387359836901123	0.09582059123343528	1.076843	1.076843	1.0266083	1.002345	1.0185757	1.0292484	-1.0125264	-1.0162921	-1.0050477	-1.0098053	1.076843	0.2650369	0.9187533	0.37166896	0.16638431	0.5817519	0.34252673	0.7666135	0.57655185	0.040523387			
GAR1_8683	499709	gar1	0.03318100536459368	0.2766867705402408	1.7794728	1.7794728	1.0710822	1.2113839	1.2354234	1.7794728	1.7361331	1.2154602	1.321867	1.5593524	1.4405887	0.6687116	0.20194815	0.32446593	4.5948397E-4	0.003707884	0.16927671	0.12555285	0.07356491	0.16730994			
GCDH_8693	364975	gcdh	0.004239854633555421	0.12707274466945814	1.0375724	1.0375724	1.0150917	1.0019169	1.0095589	1.0061669	1.0084953	1.0158356	1.0104241	-1.0001786	1.0375724	0.14339973	0.8218133	0.2974661	0.47325552	0.23693398	0.04509111	0.4046331	0.983914	0.15710226			
GCLC_8699	25283	gclc	0.012018741087797923	0.1920929248077137	-1.1064059	1.1064059	-1.0510625	1.006102	1.0219676	-1.0139667	-1.004038	1.0030658	-1.00662	1.0044255	-1.1064059	0.2702681	0.81514835	0.046181664	0.4228728	0.7970214	0.9023887	0.75636095	0.7802613	0.16178682			
GCLM_8700	29739	gclm	0.018791675085875936	0.22591628279591427	-1.0798522	1.0798522	-1.0337535	1.0148572	1.0093459	-1.0036613	-1.0075455	1.0268204	-1.009626	1.0030458	-1.0798522	0.3711841	0.41763437	0.40840492	0.75491166	0.5503916	0.36666423	0.5785986	0.86197853	0.085410886			
GFPT1_8705	297417	gfpt1	0.023517587939698492	0.2377618804292284	-1.1183676	1.1183676	-1.0525542	-1.0167592	1.0736285	1.0244225	1.0238814	-1.0228631	1.0074501	1.0764724	-1.1183676	0.34027004	0.68221253	0.16062278	0.53943366	0.5060191	0.5657277	0.8321939	0.060682863	0.05936197			
GHR_8706	25235	ghr	0.01424272818455366	0.208893346706787	-1.0268201	1.0268201	1.0051622	-1.0007579	1.021499	1.0212687	1.0010612	1.0149543	1.0078593	1.0184515	-1.0268201	0.6701396	0.9298569	0.03805473	0.11595454	0.9249786	0.39756218	0.49993196	0.17639035	0.051448207			
GM2A_32907	282838	gm2a	0.009101701622477245	0.16880703989665166	-1.0953072	1.0953072	-1.0564559	-1.0207534	1.0028006	-1.037889	-1.0108823	-1.063634	-1.0287508	1.0058092	-1.0953072	0.10894999	0.5150057	0.9150095	0.04576368	0.6416446	0.053354587	0.16766906	0.86979586	0.018414			
GNA15_8722	89788	gna15	0.009611451942740287	0.17057880844645548	-2.3765976	2.3765976	-1.4728628	-1.1005899	1.028109	-1.3630996	-1.0167197	-1.5109919	-1.3298023	-1.0293931	-2.3765976	0.042770322	0.5684532	0.851847	0.15260488	0.8951002	0.121003404	0.03140084	0.7068732	0.19836816			
GNPDA1_8737	683570	gnpda1	0.020526106018333996	0.2327702179839756	-1.1302495	1.1302495	-1.0080963	1.0078206	1.058585	1.0162008	1.0005262	-1.0025437	1.0025638	1.0002371	-1.1302495	0.86956686	0.7664728	0.24899991	0.6896672	0.98989636	0.9451136	0.9594037	0.9960346	0.019619716			
GSTA3_33275	494500;24421	gsta3;gsta1	4.0346984062941297E-4	0.04999879113174246	-1.2751812	1.2751812	1.0250894	1.0526023	1.1211072	1.0309092	1.0456129	1.0780369	1.0874586	1.1367178	-1.2751812	0.68074304	0.4691968	0.010328628	0.65954137	0.402782	0.07937241	0.15081699	0.003483218	0.054272752			
GSTM7_8761	81869	gstm7	0.007806244995996798	0.1617318129917257	1.4736948	1.4736948	1.4136384	1.0353348	1.2003573	-1.0090822	1.1018777	-1.1676269	1.22661	1.2174013	1.4736948	0.007569694	0.81499684	0.119149536	0.93876964	0.56570405	0.24847862	0.25054684	0.112741284	0.07145185			
GSTP1_8762	24426	gstp1	0.008120178643930167	0.16237779246023767	-1.0944428	1.0944428	-1.0306627	-1.0223986	-1.0589418	-1.0161548	-1.042385	-1.016225	-1.0396162	-1.0291177	-1.0944428	0.27876386	0.3127399	0.068178535	0.37044764	0.019589458	0.47498903	0.2611912	0.41344354	0.0070709107			
GTF2E2_8766	306516	gtf2e2	9.97207818109294E-4	0.0707008547008547	-1.0969154	1.0969154	-1.0136366	1.0270756	1.0554062	1.0246032	-1.0110205	-1.019609	-1.0102074	1.0149497	-1.0969154	0.52619225	0.106765755	0.0774141	0.29892218	0.6608302	0.40284514	0.7381495	0.5523375	2.4884305E-4			
H2AFZ_33045	58940	h2az1	0.02143981117230527	0.23709908825843476	-1.0486721	1.0486721	-1.0285611	-1.004362	-1.0305429	-1.023611	-1.0153861	-1.022729	-1.0166037	-1.0391158	-1.0486721	0.074892215	0.80326253	0.12401116	0.29028746	0.33285055	0.1192699	0.41066968	0.033537276	0.11902059			
HIBADH_32345	63938	hibadh	0.0014014014014014013	0.08050272494716938	-1.037559	1.037559	1.0125434	1.0149947	1.0252107	1.0238354	1.0250448	1.0126264	1.015551	1.0182765	-1.037559	0.30606556	0.22789063	0.027455004	0.06193211	0.0645836	0.38980037	0.21083951	0.14270288	0.0049261427			
HIST1H4A_32934	102551184	h4cl2	0.001002004008016032	0.0707008547008547	1.048326	1.048326	1.0108958	-1.0125464	1.0065856	1.0227895	-1.0009879	-1.0006062	-1.0004169	-1.0023727	1.048326	0.48615873	0.35909146	0.4325873	0.017181728	0.9356378	0.95624363	0.9715663	0.79900014	0.0067836787			
HMGCS2_8812	24450	hmgcs2	2.113718030014796E-4	0.03362437604669691	1.4381092	1.4381092	1.0143924	-1.0139046	-1.0736084	-1.0217843	1.069328	-1.045601	1.0380391	1.0751035	1.4381092	0.68069834	0.6975031	0.15163612	0.6495473	0.34699342	0.33169323	0.25377575	0.11885037	0.08079276			
HMOX1_8815	24451	hmox1	0.029197080291970802	0.26482264054296323	-1.1565769	1.1565769	-1.0800158	-1.0067749	-1.0996518	-1.0643805	-1.0762118	-1.0120275	1.0108204	-1.0243554	-1.1565769	0.18544506	0.84451586	0.10376529	0.31019104	0.07130437	0.7338361	0.7768831	0.71668315	0.02126723			
HNF4A_32734	25735	hnf4a	0.034725010036130065	0.28069444444444447	1.0486698	1.0486698	1.0189713	1.0194308	1.0264448	1.0418069	1.0187004	1.0018978	1.0040909	-1.0061799	1.0486698	0.2642142	0.35681224	0.20461398	0.043510094	0.34645882	0.89975977	0.81276083	0.7917847	0.1614113			
HSD11B2_32369	25117	hsd11b2	0.023573692551505546	0.2377618804292284	1.0537611	1.0537611	1.0064565	1.0184326	1.0537611	1.0051856	-1.0094663	1.0012766	-1.0022037	-1.0370156	-1.0518055	0.74848413	0.34501904	0.030363416	0.77886474	0.64438504	0.95130837	0.91801286	0.23397999	0.056926377			
HSD3B_8835	360348;682974	hsd3b1;hsd3b3	8.316008316008316E-4	0.06614425075963537	2.0724008	2.0724008	-1.007019	1.1434114	-1.0996039	-1.031147	1.0357642	1.0383804	1.013799	1.0557587	2.0724008	0.9334035	0.61816365	0.5653437	0.80958575	0.78676206	0.73490685	0.8844261	0.5917481	1.8528892E-6	100.0	300.0	
HSP90AA1_8838	299331;100362895	hsp90aa1;hsp90aa1-ps17	0.0027711797307996833	0.11236862124105382	-1.1174557	1.1174557	-1.0266219	-1.0127379	-1.048991	-1.0351832	-1.0420176	-1.0611367	-1.0454702	-1.0479943	-1.1174557	0.15924355	0.60749775	0.23863602	0.29853487	0.21864821	0.0061774626	0.0363073	0.16498522	0.082032144			
HSP90B1_8840	362862	hsp90b1	0.008365758754863813	0.16319628422939472	-1.069549	1.069549	-1.021238	1.00106	1.0572854	1.0217314	1.002163	-1.0177904	1.01385	1.0101221	-1.069549	0.32229194	0.9438527	0.18308407	0.2000515	0.9342548	0.26606256	0.41175878	0.72245044	0.13281794			
HSPA4_8843	266759	hspa4	0.01704996034892942	0.22439121532263417	-1.0326763	1.0326763	-1.0042294	-1.0046227	1.018118	1.0026898	-1.0020838	1.0056561	-1.001958	-1.0065666	-1.0326763	0.7440109	0.58811355	0.1575014	0.6985319	0.8508034	0.546414	0.83812904	0.6365303	0.11601595			
HSPA5_8844	25617	hspa5	0.03642987249544627	0.2898603430471173	-1.0682448	1.0682448	1.0045378	1.0000495	-1.0191126	1.0152832	-1.0203309	-1.0164909	1.0053552	-1.0186455	-1.0682448	0.8130944	0.9985648	0.28400528	0.57174724	0.2602171	0.2945577	0.7573212	0.3721769	0.2534085			
HTATSF1_8852	317612	htatsf1	0.02912231371761398	0.26482264054296323	1.0282546	1.0282546	1.0082222	1.0174423	1.0135098	1.005219	1.0089773	1.0282546	1.0092797	1.0169524	-1.0140178	0.4657592	0.0029905683	0.09745641	0.38506538	0.49322593	0.0038905237	0.25377607	0.02653303	0.27501395			
IARS_33171	306804	iars1	0.00498603909054647	0.13005634936606963	-1.0818182	1.0818182	-1.0369016	-1.0195429	1.0303341	1.0079174	-1.0214361	1.0047122	-1.02741	-1.02688	-1.0818182	0.22597308	0.42591316	0.28853893	0.5388936	0.35301983	0.7490593	0.17763789	0.107749075	0.0062293303			
IDE_8862	25700	ide	0.04869215291750503	0.33609149277688605	1.0428387	1.0428387	-1.0059488	1.0155318	1.0428387	1.0289273	1.0120845	1.016814	1.0156827	1.0219533	-1.0135955	0.5925005	0.24397148	1.1459493E-4	0.0028712698	0.3372459	0.19207238	0.045014895	0.2031097	0.4072166			
IGF2R_8879	25151	igf2r	0.032129315505887046	0.2740941168103601	-1.062421	1.062421	1.0277126	1.0180541	1.0210893	1.0307175	1.015608	1.0034285	1.0274171	-1.062421	-1.0427841	0.4650685	0.4033884	0.15363915	0.024834758	0.4043765	0.9080185	0.10541813	0.005324055	0.37278566			
INHBA_33300	29200	inhba	0.009223982354120714	0.16880703989665166	-1.9917037	1.9917037	-1.3335974	-1.1924566	-1.3307889	-1.9690078	-1.294419	-1.9917037	-1.1781743	-1.1033705	1.6024749	0.4275384	0.44559845	0.37303913	0.07628815	0.4365345	0.02505145	0.47601348	0.7586456	0.006595554			
IQGAP1_8911	361598	iqgap1	0.04945598417408507	0.3377276519384848	1.0786538	1.0786538	1.0030917	1.0112424	1.0786538	1.0222849	1.0069818	-1.0183345	1.023636	1.0381159	-1.0655937	0.9376989	0.7366301	0.02059303	0.35237467	0.7738082	0.43844151	0.46020427	0.27907324	0.38871384			
ITFG1_8921	171083	itfg1	2.0308692120227456E-4	0.03362437604669691	-1.038425	1.038425	1.0087954	1.0041223	1.0103189	1.0040696	1.0090472	1.0153713	1.0100806	1.0124716	-1.038425	0.4381284	0.6782635	0.18643789	0.5744369	0.22804904	0.14046556	0.2575915	0.2585113	3.948996E-5			
IVD_8932	24513	ivd	0.0296794618124258	0.2668570740352024	-1.0345563	1.0345563	1.0040061	1.007111	1.0231849	1.0106583	1.0223693	1.0150533	1.0169072	-1.0020576	-1.0345563	0.8078186	0.616456	0.21847996	0.66207594	0.26260707	0.30909714	0.15294622	0.8660952	0.05906217			
KLHDC2_8970	299113	klhdc2	0.007859733978234583	0.1617318129917257	-1.0577191	1.0577191	-1.0048603	1.0090946	-1.032085	-1.0003111	-1.0088478	-1.0134437	-1.0108948	1.0010412	-1.0577191	0.67121327	0.6665039	0.051204946	0.97961247	0.64598584	0.39635053	0.38209012	0.9516532	0.08564988			
KLHL24_32733	303803	klhl24	0.017408506429277944	0.2249073699053448	1.0959145	1.0959145	-1.0352558	1.0170043	1.0959145	1.0657653	1.0207057	1.0158997	-1.0140644	1.0457728	-1.0836213	0.29646966	0.6233689	0.029801615	0.176993	0.56337446	0.6161029	0.6979926	0.27399462	0.10518498			
KLRA17_33064	494206;120093104;497796;690045	ly49si1;ly49si3l1;klra17;loc690045	0.049044711443766	0.3369583497199604	-1.3827047	1.3827047	-1.0910072	1.1240785	1.018081	-1.2195796	-1.1285472	-1.3827047	-1.0046273	1.1373928	1.2918226	0.62906605	0.43912652	0.9049474	0.33054823	0.42894334	0.16111673	0.9748123	0.38316664	0.31655228			
KPNB1_32711	24917	kpnb1	0.0012004801920768306	0.07375529031337677	-1.0653607	1.0653607	1.0060385	-1.0009322	1.0153061	-1.0098492	-1.0197062	1.0066628	1.0096239	-1.0086678	-1.0653607	0.75133324	0.9473412	0.4253455	0.3562793	0.103932	0.5834957	0.42978993	0.4803558	0.05658614			
LAMB1_32926	298941	lamb1	0.01761846901579587	0.2249073699053448	-1.0686927	1.0686927	1.0022148	1.0407672	1.0049064	-1.0245341	-1.0010052	1.0291331	1.0336719	1.0061046	-1.0686927	0.93655455	0.020841254	0.79030746	0.3687322	0.9718587	0.1572846	0.2474966	0.76515573	0.1765762			
LCP1_8988	306071	lcp1	0.007272727272727273	0.16	-1.1374972	1.1374972	-1.1148226	-1.0222017	-1.030367	-1.0537462	-1.041043	-1.0533367	-1.0933933	1.0072197	-1.1374972	0.075812146	0.42495093	0.51963246	0.020355416	0.17315581	0.12360806	0.011395143	0.7403	0.07861523			
LIPA_9004	25055	lipa	0.004334975369458128	0.12806755805770584	1.0961298	1.0961298	1.007794	1.0171205	1.0961298	1.0572466	1.0273416	1.0009636	1.0340719	1.0619339	-1.0630946	0.78395903	0.37495387	0.0160602	0.047325622	0.1793768	0.9604185	0.20295028	0.14063609	0.12851937			
LOC100909675_9046	100909675	loc100909675	0.003669724770642202	0.12707274466945814	1.1547542	1.1547542	-1.0692958	1.0315664	-1.0105973	-1.0238397	-1.0277013	1.0052886	-1.0039618	-1.0413142	1.1547542	0.26021612	0.409725	0.7921352	0.63676965	0.5149579	0.8842642	0.9093735	0.25227717	0.08943091			
LOC100910898_33247	299053	brms1l	0.009405643386031618	0.16913800454185554	-1.0716795	1.0716795	1.0042508	1.055034	-1.026871	-1.0050024	1.0294728	1.0036287	-1.0022957	-1.0052568	-1.0716795	0.86336213	0.021093583	0.46572614	0.81448096	0.31662333	0.8745169	0.92956245	0.812147	0.008471598			
LOC100910973_9069	100910973	loc100910973	0.03907673618141324	0.29929885341912066	-1.0804157	1.0804157	-1.0804157	-1.0144081	-1.0783962	-1.0505437	-1.0122772	-1.0394431	-1.0358483	-1.0037773	-1.0687319	0.05040679	0.48999897	0.0018783925	0.010513259	0.6320023	0.14720514	0.22524597	0.8284393	0.19952936			
LOC100912409_9106	25618	acadsb	0.018845467169212458	0.22591628279591427	1.1103488	1.1103488	1.0020332	1.0201911	1.1103488	1.0953494	1.0304819	1.0161706	1.018861	1.0645882	-1.055096	0.9591993	0.45582134	0.014221589	0.018873008	0.38797766	0.55792254	0.44487488	0.109796196	0.13759136			
LOC102549726_32764	102549726	loc102549726	0.03064903846153846	0.2730830146183746	1.0487185	1.0487185	-1.0235583	1.0119874	-1.0222237	-1.010672	1.0007945	1.0232798	-1.0298309	1.0115258	1.0487185	0.38183415	0.36879146	0.3950476	0.39408115	0.9672931	0.15511665	0.13486233	0.48785084	0.24012218			
LOC102555086_9117			0.006462984723854289	0.15435139573070608	-1.0699896	1.0699896	1.0098587	-1.0276479	1.0491444	1.0214621	1.0232136	-1.021168	-1.0103513	-1.0137926	-1.0699896	0.60748214	0.15769637	0.08530182	0.2322378	0.4791865	0.32712352	0.6744582	0.62813216	0.020242015			
LOC259245_33313	259244	mup4l4	6.042296072507553E-4	0.05651354084114449	-1.8894577	1.8894577	-1.8894577	1.123792	-1.1172664	-1.307139	-1.0850847	-1.4035654	1.1799569	-1.4111764	1.867592	0.024545696	0.4992433	0.6094326	0.34798124	0.64656574	0.31161875	0.49281386	0.16613016	0.011616878			
LOC679794_32681	100363502;25309	cycs-ps9;cycs	0.0015923566878980893	0.08204802666164115	-1.0291108	1.0291108	1.0125386	-1.0108613	-1.0201762	-1.0036539	-1.0097133	-1.0109408	-1.0093864	-1.0222119	-1.0291108	0.21131858	0.1735456	0.031719383	0.6930831	0.1297852	0.15979943	0.15321127	0.045185603	0.10618439			
LOC680329_9133	680329	igll2	0.014035087719298246	0.20880979426984728	-1.5478935	1.5478935	-1.4541122	-1.2812551	-1.4572283	-1.2316304	-1.3425052	1.0348811	-1.0312809	1.0143195	-1.5478935	0.0015554451	0.12502545	0.0072287847	0.10248189	0.04979598	0.8656757	0.81533206	0.9183648	0.0028466496			
LY86_9165	291359	ly86	0.008827756107575446	0.16748440027950479	-1.1128947	1.1128947	-1.0671153	1.012578	-1.0708178	-1.030938	-1.0182468	-1.0189002	-1.020359	1.0191351	-1.1128947	0.20908497	0.6692017	0.035615034	0.09601145	0.5252235	0.5571138	0.47717673	0.37259847	0.03227053			
MAK16_9175	306526	mak16	0.011408339889850511	0.18464285714285714	-1.3941592	1.3941592	1.0283207	-1.0042672	-1.1327972	-1.1203221	-1.0202467	-1.2455409	-1.1534095	-1.1414778	-1.3941592	0.6707125	0.9749194	0.10688458	0.1601929	0.7574649	0.08248032	0.15881373	0.17508698	0.17093925			
MAN2B1_9177	361378	man2b1	0.02368421052631579	0.2377618804292284	1.0470865	1.0470865	1.012529	-1.0058904	1.0470865	1.0084933	1.0045737	-1.000072	1.0024917	-1.0200137	1.0424205	0.39738646	0.78021127	0.0076350477	0.6033519	0.7496115	0.99633026	0.86703336	0.2752073	0.06611319			
MAPK14_9188	81649	mapk14	0.04875601926163724	0.33609149277688605	1.0467522	1.0467522	1.0150895	1.0367635	1.0467522	1.0203514	1.0200071	1.0230386	1.0313345	1.0368799	-1.0128781	0.36707944	0.029023716	0.004073476	0.086946346	0.09862505	0.18673173	0.0040872786	0.09790852	0.42362088			
MAT2A_9199	171347;498211	mat2a;mat2al1	0.025433753943217667	0.24499084402143065	-1.0593753	1.0593753	-1.0287282	1.0155907	1.0113348	-1.0111262	-1.0062759	1.001459	-1.0152122	1.0151104	-1.0593753	0.27730876	0.49947542	0.52210844	0.5142324	0.6551494	0.9353717	0.21129096	0.3423878	0.09840815			
MCM2_9206	312538	mcm2	0.03151515151515152	0.2730830146183746	-1.076356	1.076356	1.0055839	1.0038922	1.0655843	1.0038247	-1.0065677	1.0252495	-1.0056069	1.0005566	-1.076356	0.8654929	0.8848	0.052423943	0.842177	0.8164006	0.40561023	0.86938906	0.98374796	0.24511878			
MCM3_9207	316273	mcm3	0.02405218100285365	0.23969455239653645	-1.2099602	1.2099602	-1.0920727	-1.0846419	1.038178	-1.0946653	-1.0870041	-1.0073633	-1.1039004	1.045323	-1.2099602	0.22124812	0.12428692	0.5475895	0.24359286	0.28034663	0.8731981	0.1548376	0.43553916	0.12304823			
MCM6_9210	29685	mcm6	0.040615384615384616	0.307665257819104	-1.4565755	1.4565755	1.0331725	1.047517	1.0689148	1.0300814	-1.2089964	1.0154324	1.0249733	1.0364496	-1.4565755	0.7324266	0.66728926	0.49674347	0.808657	0.22117493	0.87175626	0.84030694	0.70734555	0.1527379			
MDM2_9214	314856	mdm2	0.005825632784250703	0.14342153092655305	-1.0490824	1.0490824	-1.0022568	-1.0000191	1.025007	1.0196805	-1.0011679	-1.0049968	1.0168973	1.0074134	-1.0490824	0.8727615	0.998907	0.16910021	0.16396615	0.9299594	0.72675776	0.13475826	0.7164735	0.0032135996			
ME1_9215	24552	me1	3.991219317501497E-4	0.04999879113174246	-1.1382195	1.1382195	-1.032085	-1.0099485	-1.0632235	-1.0629411	-1.0429703	1.0183387	-1.014345	-1.021147	-1.1382195	0.22192691	0.6954517	0.034365967	0.03771925	0.081705526	0.5889306	0.7053422	0.4793475	0.011789198			
METRN_9221	287151	metrn	0.03972055888223553	0.30199307267817305	-1.0797379	1.0797379	1.0123497	-1.0585178	-1.0766542	-1.0015296	-1.0349565	-1.0132802	-1.0424857	-1.0797379	-1.0369297	0.4941809	0.07599816	0.020615501	0.96122694	0.051122375	0.5563885	0.1606943	9.829426E-4	0.3905941			
MGC112830_9226	361178	tfdp1	0.0164813343923749	0.22423289160152166	-1.1019163	1.1019163	-1.0037994	-1.0246418	-1.0002962	-1.0084627	-1.0067041	-1.0508714	-1.024355	-1.0294151	-1.1019163	0.9248099	0.5524511	0.98666465	0.7258826	0.82350445	0.047543723	0.07554324	0.42030197	0.075055376			
MGP_33209	25333	mgp	0.03298439660280466	0.27616085900647785	-1.1472235	1.1472235	-1.0555944	-1.028329	-1.1472235	-1.0270228	-1.0088496	-1.0210459	-1.033179	-1.0402215	1.044939	0.25601	0.38184083	1.9622223E-4	0.46765327	0.80384886	0.36949235	0.37687674	0.26695383	0.333848			
MRPS2_9250	362094	mrps2	0.025383828045035823	0.24499084402143065	-1.1982946	1.1982946	1.0219988	-1.0100402	-1.0048273	-1.0891379	1.0261784	-1.0094358	1.0064608	-1.0467248	-1.1982946	0.46554658	0.79493076	0.93020284	0.037884906	0.46411198	0.8221953	0.8525909	0.36783117	0.3159635			
MUT_9264	688517	mmut	0.00503119339907426	0.13005634936606963	-1.0591954	1.0591954	-1.0071586	1.015875	1.0523617	1.0408692	1.0150791	1.0029061	1.0028796	1.0328388	-1.0591954	0.7714776	0.29697365	0.01653002	0.019310497	0.6382298	0.87888294	0.8691252	0.13206494	0.0069616046			
MYBPC2_33202	292879	mybpc2	0.0025405511041625955	0.10507719366816495	-1.7095811	1.7095811	-1.4200541	-1.490099	-1.1423357	-1.0827985	-1.1892201	-1.1885029	-1.4331707	-1.0345899	-1.7095811	0.012632378	0.04936043	0.22647227	0.48960152	0.11773738	0.21158966	0.013963643	0.812789	0.035704885			
MYH1_33199	287408	myh1	2.0449897750511248E-4	0.03362437604669691	-4.133302	4.133302	-1.3201315	-1.2533207	-1.0319844	-1.111285	-1.2639785	-1.3446327	-1.2203023	-1.1638743	-4.133302	0.034415413	0.06176284	0.6888401	0.23308767	0.03908774	0.11029307	0.20142046	0.0917956	1.3806597E-5	100.0	300.0	
MYH4_32551	360543	myh4	0.0016266775111834079	0.08204802666164115	-3.1080718	3.1080718	-1.1097056	-1.1050444	-1.3103342	-1.3204159	-1.2022259	-1.2316512	-1.1100576	-1.0063605	-3.1080718	0.5658384	0.6016146	0.04574556	0.1715843	0.21796337	0.26741165	0.44739562	0.9548899	0.06557556			
MYL2_32406	363925	myl2	0.009151414309484194	0.16880703989665166	1.4523718	1.4523718	1.2017504	1.0287904	-1.0710089	1.0830039	1.1269872	1.0219342	1.0992107	1.0653483	1.4523718	0.2853542	0.72956944	0.38413873	0.39773306	0.071629666	0.71869427	0.26094124	0.41122803	0.08732488			
MYLPF_32295	24584	myl11	2.0429009193054137E-4	0.03362437604669691	-1.5868795	1.5868795	-1.0849415	-1.0649575	-1.0756053	-1.1184936	-1.0424048	-1.0909609	-1.0479726	1.0223253	-1.5868795	0.18744114	0.36903244	0.16822197	0.0103760045	0.38718626	0.10867922	0.5018685	0.5881678	0.019421406			
NDRG1_32364	299923	ndrg1	0.015751132112620594	0.21861302824764692	1.042447	1.042447	1.0182854	-1.0026152	-1.01258	1.0005695	1.013851	-1.0002006	-1.0046304	-1.0232651	1.042447	0.27077407	0.89068955	0.5170196	0.9702069	0.32553625	0.9894437	0.8287161	0.16748148	0.012580475			
NDUFAF4_9292	362495	ndufaf4	0.02101010101010101	0.23485885885885885	1.143348	1.143348	-1.0122479	1.1294191	1.1238456	1.143348	1.0004574	1.0032074	-1.0030228	1.0514461	-1.118544	0.87972605	0.011797128	0.017271899	0.0013646588	0.991666	0.90491825	0.9462897	0.3761988	0.41818598			
NFKBIA_9307	25493	nfkbia	0.019211725094078036	0.22591628279591427	1.1704769	1.1704769	-1.0467721	-1.0380139	1.0332124	-1.0911448	1.0536782	1.0207788	1.0406299	-1.0055416	1.1704769	0.5947592	0.5148263	0.52072597	0.30324063	0.5133315	0.7812636	0.4757128	0.9277667	0.115824066			
NGRN_9311	499191	ngrn	0.01626175548589342	0.22362004531056728	-1.0966352	1.0966352	-1.0324572	1.0099003	1.0347613	-1.0186516	-1.0227786	-1.0164924	-1.0307661	-1.0007904	-1.0966352	0.24891585	0.6042807	0.2709796	0.6423316	0.4300346	0.5292697	0.11778505	0.9810932	0.042804044			
NIP7_9316	192180	nip7	6.054490413723512E-4	0.05651354084114449	-1.213343	1.213343	-1.045504	-1.1001496	-1.0280446	-1.0267196	-1.0956047	-1.0828303	-1.0641907	-1.0681895	-1.213343	0.24828756	0.08017275	0.47614658	0.32217765	0.029448835	0.025291627	0.24011444	0.14068834	0.046220385			
NIT2_9320	288174	nit2	0.02804308067465962	0.25935009196811776	-1.056599	1.056599	-1.018096	-1.0075936	1.032884	1.0057445	1.0108489	-1.008091	1.0144757	1.0196816	-1.056599	0.5513344	0.7471616	0.096142836	0.72720945	0.21984163	0.617107	0.10318623	0.11029299	0.10828267			
NNT_9326	310378	nnt	0.011428571428571429	0.18464285714285714	1.0360152	1.0360152	1.0172786	1.023906	1.0360088	-1.0009695	1.0119011	1.0055623	1.0360152	1.0058084	-1.0289524	0.16786999	0.27218845	0.083225764	0.93294895	0.33721572	0.7032424	0.060685378	0.6847408	0.022579605			
NOC2L_9327	313777	noc2l	0.015025701858442072	0.2144385884382898	1.0978206	1.0978206	1.0112666	1.0460978	1.0978206	1.0881354	1.0628313	1.011818	1.0458877	1.0482427	-1.0348827	0.52475005	0.044583853	0.016606854	0.0049442546	0.029583998	0.60171056	0.0686786	0.1894518	0.44798934			
NOP58_9344	60373	nop58	0.018119589289309443	0.22591628279591427	-1.1377705	1.1377705	-1.0088369	-1.056234	-1.0821515	-1.0841135	-1.0616567	-1.0121127	-1.0470085	-1.1067667	-1.1377705	0.7533793	0.11774278	0.15899254	0.19363745	0.16829054	0.56914717	0.056304343	0.04041614	0.00444841			
NPDC1_9352	296562	npdc1	0.007653061224489796	0.1617318129917257	-1.1098207	1.1098207	-1.0099015	-1.0349004	1.0790843	1.0108669	-1.0198373	-1.0323194	-1.0208808	-1.0154198	-1.1098207	0.78812516	0.3989727	0.024414552	0.772519	0.6361924	0.30284077	0.5488376	0.65562564	0.0100507075			
NR1D2_9358	259241	nr1d2	0.022440944881889763	0.2377618804292284	1.0969288	1.0969288	1.015859	1.0057855	1.0969288	1.0308497	1.0078268	1.0010389	1.0318335	-1.0026636	-1.066317	0.55322653	0.8604891	0.050240997	0.43756396	0.7191649	0.96873087	0.249431	0.91946274	0.1513782			
NREP_9364	338475	nrep	0.03884081304085329	0.29929885341912066	-1.0946507	1.0946507	-1.0312365	-1.004318	-1.0083266	-1.0493608	-1.0324427	1.0020905	-1.0095186	-1.0073683	-1.0946507	0.31350338	0.8712186	0.74939674	0.10014216	0.2501419	0.9068105	0.7790414	0.70497656	0.29631966			
NRIP1_9365	304157	nrip1	0.017597708205443013	0.2249073699053448	-1.054631	1.054631	1.0081763	-1.0013496	-1.0518248	-1.0358092	1.0116819	1.0116426	-1.010209	-1.0005403	-1.054631	0.7080849	0.9137202	0.031356327	0.035790466	0.5751332	0.20436423	0.44404978	0.976216	0.10662175			
NRP1_9366	246331	nrp1	0.004056795131845842	0.12707274466945814	-1.102103	1.102103	-1.0841042	-1.0554993	-1.0333712	-1.0446403	-1.0441351	-1.0366415	-1.0277138	1.0147358	-1.102103	0.060787145	0.038794074	0.016220722	0.102062926	0.047926497	0.29227376	0.22575554	0.4274903	0.007259075			
OSGIN1_33191	171493	osgin1	0.0036452004860267314	0.12707274466945814	-1.1548433	1.1548433	-1.0832413	-1.0030727	-1.0385779	-1.0395594	-1.036761	1.001928	-1.0446286	-1.0263239	-1.1548433	0.10161735	0.9069992	0.07908901	0.07666407	0.15744656	0.9555467	0.08793918	0.3215282	0.11045572			
OXCT1_9403	690163	oxct1	2.0458265139116204E-4	0.03362437604669691	-1.0647367	1.0647367	1.0091023	1.0143545	1.0310197	1.01676	1.0192295	1.0137165	1.007217	1.0064812	-1.0647367	0.52743113	0.10782232	0.0041797226	0.057585478	0.20032772	0.19490851	0.37477088	0.67468655	0.0018814884			
PAFAH1B1_9413	83572	pafah1b1	0.014382740711146624	0.20946132246937477	1.035066	1.035066	1.0031872	1.006392	1.035066	1.0123738	1.0138259	1.0062497	1.0093842	1.0126145	-1.0222143	0.7964796	0.51674384	0.005307252	0.31177673	0.0282912	0.38917723	0.38741922	0.27531904	0.21717139			
PAK4_9418	292756	pak4	0.017144009681323114	0.22439121532263417	-1.3429663	1.3429663	-1.1018244	-1.3071738	-1.1373923	-1.0556351	-1.2302661	-1.0008953	-1.1847085	-1.1528586	-1.3429663	0.26446286	0.02253024	0.11288503	0.52936506	0.01514	0.99253875	0.11554958	0.22058217	4.672171E-4			
PCNA_9442	25737	pcna	0.022140970952671136	0.2377618804292284	-1.0191649	1.0191649	1.007475	1.0059199	1.0121796	1.009287	1.0083907	1.0084686	-1.0023445	1.0135887	-1.0191649	0.44484958	0.4896822	0.117219284	0.22681256	0.39936334	0.34858194	0.82863253	0.06312154	0.08813268			
PDIA6_33272	286906	pdia6	0.0036496350364963502	0.12707274466945814	-1.1141671	1.1141671	-1.0381509	-1.0012953	1.0422666	1.0321635	1.013705	1.0176387	-1.0187353	-1.0048478	-1.1141671	0.13108702	0.948258	0.2288387	0.14227474	0.598649	0.30999008	0.47736135	0.80045927	0.17348318			
PECR_9456	113956	pecr	0.0012004801920768306	0.07375529031337677	-1.0698329	1.0698329	1.0386256	-1.0096893	-1.000909	1.0019578	-1.0114843	-1.0133431	-1.0157591	-1.0698329	-1.0357809	0.019565016	0.4905736	0.9506465	0.881125	0.5144084	0.34746194	0.32539684	0.0016033498	0.36563832			
PF4_32963	360918	pf4	0.0033093245084679776	0.12673487191688476	1.1213106	1.1213106	1.000399	-1.0135678	-1.0639547	-1.0126804	1.0302713	-1.0264256	1.0215843	1.0530237	1.1213106	0.99094796	0.571508	0.13153401	0.81898916	0.41905585	0.46807462	0.5752361	0.14384423	5.077644E-4			
PLAU_33051	25619	plau	0.03441533046538913	0.28069444444444447	-1.0497631	1.0497631	-1.0150802	-1.0072763	1.0471476	-1.0017829	-1.0082514	1.0100282	1.0036846	-1.0099916	-1.0497631	0.52375424	0.65260947	0.024067245	0.9259097	0.5906773	0.6618936	0.8273738	0.59399974	0.1884096			
PLEK_33161	364206	plek	0.006789137380191693	0.1591622760337412	-1.1836036	1.1836036	-1.1763787	-1.0698588	-1.1310813	-1.1225157	-1.0537928	-1.0957627	-1.1575339	1.0148119	-1.1836036	0.0030572265	0.11524492	0.036295034	0.07589574	0.21324211	0.06604544	0.0427378	0.6957233	0.12973766			
PLIN2_9502	298199	plin2	0.0169826224328594	0.22439121532263417	-1.0614125	1.0614125	-1.0244486	-1.0078341	1.0139613	1.0160078	1.0001204	-1.0295233	-1.0269912	-1.0058386	-1.0614125	0.038385212	0.47581717	0.5040542	0.2566519	0.9953031	0.02539017	0.029102098	0.85992426	0.14132865			
PLTP_32412	296371	pltp	0.024885526577742387	0.24390174863872635	-1.1790266	1.1790266	-1.1254303	-1.0334347	-1.108338	-1.0592577	-1.0337348	-1.0545983	1.0126306	1.0440084	-1.1790266	0.018736295	0.47861046	0.14512938	0.25580445	0.5487603	0.17493285	0.74117875	0.5246618	0.23407032			
PNKP_9513	308576	pnkp	0.046009771986970684	0.32251602985923206	-1.3693674	1.3693674	1.0316713	-1.0383384	-1.0943416	-1.0977489	-1.2456659	-1.1874652	-1.2490767	-1.0352823	-1.3693674	0.7860534	0.66906565	0.5050269	0.38432956	0.17376833	0.16241273	0.047821686	0.69264287	0.020753967			
PRDX1_32791	117254	prdx1	0.009800078400627205	0.17057880844645548	-1.0296681	1.0296681	1.020517	1.0077901	1.0126895	-1.0046862	-1.0161812	1.0118804	1.0139042	-1.0049453	-1.0296681	0.14612101	0.43267813	0.34746313	0.68563783	0.0793341	0.40868732	0.31279245	0.5630187	0.058040813			
PRKACB_9562	293508	prkacb	0.01821821821821822	0.22591628279591427	-1.1355244	1.1355244	-1.0768276	-1.0980092	1.0346096	-1.0182184	-1.0416179	-1.0465711	-1.004245	1.0342749	-1.1355244	0.0077296426	0.01032141	0.5123481	0.5982332	0.37083557	0.10043251	0.9193619	0.36369327	0.13871309			
PRKAG1_33315	25520	prkag1	0.010144362075692548	0.17337637002092718	-1.0423751	1.0423751	-1.0097986	1.0147011	1.0112928	-1.0002542	1.0061994	-1.0083836	-1.019649	-1.0106913	-1.0423751	0.46365717	0.41206384	0.5798508	0.9860589	0.6672346	0.5056431	0.1409283	0.48897555	0.019250803			
PRPF4_9578	298095	prpf4	0.031824471239375374	0.2730830146183746	1.0574795	1.0574795	1.0254198	1.0337865	1.0574795	1.0508639	1.0270798	1.0177165	1.0311378	1.0488256	-1.005941	0.16192439	0.022854155	0.006251239	0.0024742088	0.022781076	0.05859356	0.002731505	0.027422247	0.7785918			
PSMA5_33243	29672	psma5	4.110152075626798E-4	0.04999879113174246	-1.0318502	1.0318502	-1.0071889	1.0012426	1.0058643	-1.0028778	-1.0040771	1.002963	1.0025904	1.0088863	-1.0318502	0.30811036	0.8734447	0.30461535	0.5330094	0.5195943	0.638573	0.7020336	0.20376027	3.462639E-6			
PSME3_32547	287716	psme3	0.0242798353909465	0.23969455239653645	-1.032457	1.032457	-1.0229622	-1.0003157	1.0100906	-1.008492	-1.0163672	-1.0024071	-1.0065397	-1.0143119	-1.032457	0.1761088	0.96840477	0.032625187	0.44829896	0.03616221	0.67510253	0.3045433	0.10400015	0.009145898			
PTK2_9613	25614	ptk2	0.01873446759701778	0.22591628279591427	1.061863	1.061863	-1.0119978	1.024969	1.061863	1.0097129	1.0235915	-1.0028329	1.0174584	1.0186573	-1.0496302	0.51264834	0.14783773	0.11344989	0.6961475	0.3905675	0.8748287	0.38285714	0.4222795	0.12704523			
PTPLAD1_9615	300783	hacd3	0.0042279041675055366	0.12707274466945814	-1.1141456	1.1141456	1.0008992	1.0241497	1.0229354	-1.0285481	1.0081524	1.0240169	1.0285221	1.0179237	-1.1141456	0.9805482	0.32073215	0.501303	0.3623231	0.71517825	0.44432694	0.2634253	0.51625115	0.08024906			
PTPN6_9618	116689	ptpn6	0.013883217639853002	0.20804705854504355	-1.0473316	1.0473316	1.0077599	1.0131813	1.0189406	1.0033855	-1.0015166	1.0064875	-1.016119	1.0269794	-1.0473316	0.59204906	0.3460031	0.11733494	0.8105662	0.80108005	0.6233515	0.36194912	0.08940745	0.2936803			
PTPRK_9622	360302	ptprk	0.045048620758086924	0.31814833422844374	1.0384796	1.0384796	1.003455	1.0056083	1.0384796	1.027095	1.0128419	1.0118109	1.0096923	1.0128009	-1.0149146	0.77081233	0.5855763	0.0043164087	0.01666051	0.352825	0.24998856	0.5257023	0.26736957	0.19860353			
PXDN_9628	554172	pxdn	0.044435548438751	0.31814833422844374	-1.1773511	1.1773511	-1.0939021	-1.0092763	-1.0417455	-1.1012026	-1.068486	-1.0511799	-1.0267287	1.0137854	-1.1773511	0.27089775	0.8271334	0.36708972	0.0471278	0.3098614	0.3606475	0.62521106	0.68239284	0.1893018			
PXMP2_9629	29533	pxmp2	0.031492924058202115	0.2730830146183746	-1.0701292	1.0701292	1.0666592	1.0390213	-1.0683376	-1.0557765	-1.0586125	-1.0130779	1.0054237	-1.0084901	-1.0701292	0.26242414	0.35663018	0.019618638	0.13250265	0.053149488	0.617561	0.87139654	0.8550861	0.17266525			
PYGL_9632	64035	pygl	0.02171747360031879	0.23762822965851457	-1.0478165	1.0478165	-1.0105283	1.0005786	1.0138497	1.0033294	1.0016501	1.0126235	1.0031474	1.010823	-1.0478165	0.48507962	0.9673502	0.51041216	0.81910527	0.9226401	0.43884742	0.83831745	0.50975984	0.18729065			
RAB1A_33291	81754	rab1a	0.0023594180102241447	0.10155383589168573	1.0379816	1.0379816	1.0064589	1.0114635	1.0379816	1.0129263	1.0170547	1.008463	1.0100899	1.0206187	-1.0216763	0.35524964	0.11878444	0.025709981	0.1015411	0.18107828	0.393486	0.076637715	0.03134957	0.06429307			
RASA1_9661	25676	rasa1	0.004204204204204204	0.12707274466945814	1.0375043	1.0375043	1.0178205	1.0375043	1.0368582	1.0177001	1.0201696	1.0243354	1.021306	1.0348338	-1.0342361	0.3215566	0.077722706	0.02880648	0.18489067	0.18361725	0.10721884	0.13816057	0.049388777	0.1290193			
RB1_9662	24708	rb1	0.0029952076677316293	0.11911710493978864	1.0483676	1.0483676	1.0264046	1.0336134	1.0483676	1.0299553	1.0242511	1.0406361	1.027794	1.0259694	1.0165673	0.010682316	0.0010106442	0.003265302	0.0035745255	0.002086272	0.0031696386	0.038584135	0.0017013383	0.039129663			
RHOA_9705	117273	rhoa	0.0038284839203675345	0.12707274466945814	1.0347723	1.0347723	-1.0041659	-1.0028114	1.0347723	-1.0009321	1.0058815	-1.0047414	-1.0013419	1.0119871	-1.0273821	0.62379193	0.6615041	0.0610116	0.9227451	0.5793439	0.3732892	0.8977865	0.3358351	0.06805992			
RIOK3_9709	361293	riok3	0.0017924716191993627	0.08825788829772101	-1.0424329	1.0424329	-1.0207742	-1.0032119	1.0228357	1.0026096	1.0045297	1.004685	1.0211554	1.0146391	-1.0424329	0.0850865	0.76545095	0.05583529	0.6847756	0.6507665	0.46826768	0.06650879	0.43729818	0.054083597			
RNMT_9719	291534	rnmt	0.03385160401495769	0.28069444444444447	-1.0329971	1.0329971	-1.0054556	-1.0016087	1.0260975	1.0044225	-1.0111831	1.0021793	-1.0079759	1.0071317	-1.0329971	0.76437414	0.9159151	0.12438264	0.63494194	0.25807565	0.842564	0.5421113	0.6395322	0.09431741			
RNPS1_9720	287113	rnps1	0.003770589402659258	0.12707274466945814	1.0694331	1.0694331	1.037608	1.040592	1.0694331	1.0321116	1.0332832	1.0493127	1.0373235	1.0413926	1.0369562	0.062442575	0.0026058303	8.8941155E-4	0.016110118	0.015016033	9.933003E-4	0.022107337	0.004712935	0.0070351795			
RPL35_32720	296709	rpl35	0.02906749902458057	0.26482264054296323	-1.0535382	1.0535382	-1.0007918	-1.0043886	-1.0535382	-1.0116813	-1.0084834	-1.007025	-1.004166	-1.0029042	1.0218856	0.9459392	0.5642382	0.01587975	0.3873818	0.6575878	0.45997497	0.6486039	0.86140335	0.0072289603			
RPN1_9740	25596	rpn1	0.04492380763902632	0.31814833422844374	-1.0227777	1.0227777	-1.0036404	-1.0041139	1.0005544	-1.0020623	-1.0053048	-1.0039967	-1.0012295	-1.0035775	-1.0227777	0.7566558	0.65273464	0.93538845	0.7021764	0.48578724	0.5672813	0.8329035	0.6747352	0.028877169			
RPS19_33100	29287;100362339;100360843	rps19;rps19l4;rps19l3	0.008721506442021803	0.16700069742686194	-1.030161	1.030161	-1.0179014	-1.0056585	-1.030161	-1.0146157	-1.0100571	-1.0070661	-1.0081667	1.007942	1.0141332	0.09345198	0.4407763	0.0010251178	0.05658973	0.3250824	0.25877988	0.22496444	0.48097256	0.03664727			
RPS5_9747	25538	rps5	0.04948330683624801	0.3377276519384848	-1.018203	1.018203	-1.0038004	1.0019002	-1.018203	-1.0027338	1.0010624	-1.0009981	-1.0053537	1.0172882	1.012471	0.68953687	0.83747417	0.032724574	0.726217	0.9006529	0.8780384	0.40526074	0.08116407	0.24516289			
RT1-A2_33098	24974	rt1-a2	0.008058017727639	0.16237779246023767	-1.1611868	1.1611868	-1.01212	-1.0101151	1.0455849	-1.0611901	1.0199587	1.0190647	-1.0219011	1.0209724	-1.1611868	0.75570226	0.7610542	0.20170245	0.378257	0.6649608	0.59417635	0.6630112	0.55993944	0.0010288098			
RT1-A2_9758	24974	rt1-a2	0.009815705128205128	0.17057880844645548	-1.2115074	1.2115074	-1.0342292	-1.0099148	1.0458856	-1.0507693	1.0036085	-1.0210166	-1.0583483	1.0222044	-1.2115074	0.47660455	0.76700634	0.24056642	0.44171286	0.94412756	0.73363304	0.40834448	0.5641169	0.009151685			
RT1-CE11_32928	414791;368153	rt1-ce11;rt1-ce7	0.023466447097571015	0.2377618804292284	1.2485099	1.2485099	-1.1219692	-1.0605825	1.1114184	1.0944781	1.0198315	-1.1769152	-1.0199733	1.031186	1.2485099	0.2739075	0.63615257	0.3093182	0.40914515	0.8507366	0.062349938	0.8502115	0.76090586	0.006331932			
RUP2_9767	619560	rup2	0.03596975270795013	0.2894375431908205	2.8090918	2.8090918	1.9434022	1.1905804	-1.2514994	1.0610018	1.9826175	-1.0163329	2.2402754	1.3434263	2.8090918	0.23261675	0.66172767	0.5779746	0.8722397	0.30605924	0.96968347	0.1523536	0.3296982	0.010879599	100.0	300.0	
RUVBL1_9768	65137	ruvbl1	0.031200631911532384	0.2730830146183746	-1.111414	1.111414	1.0091448	1.0175724	1.0240817	-1.0028416	-1.0352652	-1.0514206	-1.0052712	1.0686216	-1.111414	0.81721795	0.61399907	0.62454945	0.9188185	0.47135922	0.17637803	0.87677634	0.0441911	0.12763481			
SDC2_9793	25615	sdc2	0.005994212484497726	0.14583566374048584	-1.0490189	1.0490189	-1.0036954	1.0105324	-1.0220215	-1.0174017	-1.0053996	1.015483	1.0019388	-1.0101129	-1.0490189	0.65392655	0.3485292	0.19652016	0.28203842	0.6957749	0.1249998	0.84565467	0.48063397	0.06713735			
SDHB_9797	298596	sdhb	0.014928343949044586	0.2144385884382898	1.017243	1.017243	1.0123925	-1.0049111	-1.0022765	1.0001196	1.002435	1.000066	-1.001761	-1.0121306	1.017243	0.10236857	0.19330719	0.74343544	0.9781983	0.65610987	0.9842583	0.7134213	0.16052309	0.021703536			
SEC24D_32308	310843	sec24d	1.9700551615445234E-4	0.03362437604669691	1.0918872	1.0918872	1.0589912	1.0713259	1.0918872	1.0675089	1.0636178	1.0850984	1.0910164	1.0877647	1.0659692	0.040851742	6.2264175E-5	3.6957757E-5	7.690958E-5	1.21805184E-4	2.267562E-5	0.001660051	2.443132E-4	0.040965907			
SKP1_9831	287280	skp1	0.009935117599351177	0.1712151932954853	-1.0247573	1.0247573	-1.0012609	1.0082803	1.0168976	1.0152774	1.0024548	1.0075969	1.0093622	1.0139104	-1.0247573	0.9241178	0.29339707	0.13241051	0.04672385	0.7734987	0.2175424	0.28505155	0.015236251	0.16687109			
SLC13A4_9836	503568	slc13a4	5.88119976475201E-4	0.05651354084114449	1.5418154	1.5418154	1.3175393	1.2268447	1.3079507	1.2171977	1.3102103	1.4280384	1.3406681	1.3488901	1.5418154	0.057528563	0.2390234	0.07551805	0.2084966	0.061916336	0.034224942	0.07561131	0.03972942	0.057472736			
SLC17A3_9840	266730	slc17a3	0.007669021190716448	0.1617318129917257	-1.066449	1.066449	-1.0058031	-1.0175563	1.0011528	1.0075938	-1.0181916	-1.0036099	1.0024278	-1.0079931	-1.066449	0.7550687	0.20356406	0.93326616	0.625545	0.39417103	0.6955185	0.84799695	0.65141827	0.091323614			
SLC1A5_32581	292657	slc1a5	0.007565200079633685	0.1617318129917257	-1.2023716	1.2023716	-1.0661572	-1.0931181	-1.003557	-1.0576023	-1.0483189	-1.0148203	-1.0877159	-1.0036101	-1.2023716	0.26104894	0.023318252	0.9293121	0.41846058	0.21184184	0.6835904	0.13156804	0.9608266	0.018763252			
SLC20A1_9844	81826	slc20a1	0.02673170731707317	0.25014104403487475	1.0793877	1.0793877	-1.0068753	1.0265348	1.0793877	1.0409805	1.0247866	1.0152423	1.0040848	1.0283449	-1.053409	0.82678163	0.38379115	0.0106092775	0.3429782	0.3604456	0.6576354	0.87312	0.39125064	0.10821179			
SLC22A5_9846	303140;29726	slc22a21;slc22a5	0.03816491991299189	0.2983593302665017	-1.1413983	1.1413983	-1.0050364	-1.0214372	1.1274757	1.0782639	1.0029067	-1.0573351	1.0047609	1.0375048	-1.1413983	0.9061982	0.69525194	0.09908105	0.15295094	0.96882486	0.41365895	0.92049634	0.55280226	0.1553245			
SLC22A7_9847	89776	slc22a7	0.0074807925596441565	0.1617318129917257	-1.1901219	1.1901219	-1.0471277	1.0302327	1.0000373	-1.0277447	1.016958	1.0655695	-1.0244391	1.0104773	-1.1901219	0.45148376	0.49194682	0.9994062	0.46772006	0.62749505	0.23616594	0.5441464	0.7542057	0.08530079			
SLC25A24_9855	310791	slc25a24	0.015139281388776746	0.2144385884382898	-1.5278257	1.5278257	-1.1150993	1.0737208	-1.4541302	-1.1861664	-1.0891936	-1.1093029	1.0406708	1.0512416	-1.5278257	0.36598456	0.3283546	0.05032208	0.038451742	0.3598634	0.2842158	0.7463048	0.69088864	0.04867401			
SLC25A30_9856	361074	slc25a30	9.98402555910543E-4	0.0707008547008547	-1.0957805	1.0957805	-1.0285972	-1.0216422	1.0162525	-1.0153861	-1.0539106	-1.0047675	-1.0413979	-1.0449109	-1.0957805	0.16368705	0.295303	0.43021026	0.48615736	0.011786808	0.8631955	0.081583515	0.06689536	0.011945066			
SLC25A4_9857	85333	slc25a4	0.017359709325797335	0.2249073699053448	1.020034	1.020034	1.020034	1.0003146	1.0018303	-1.0067513	1.005076	1.0135453	1.0071397	1.0004467	-1.0169905	0.025706649	0.9756031	0.80366254	0.3574372	0.4171032	0.20880835	0.37517747	0.9510324	0.12086551			
SLC25A46_9858	291709	slc25a46	0.028513650151668353	0.262072126727334	1.0400125	1.0400125	1.0150423	1.0234592	1.0400125	1.0328988	1.0199692	1.02587	1.0096031	1.0299338	-1.0196652	0.16204897	0.15448536	0.021077098	0.017418168	0.14083847	0.07924436	0.5390978	0.16005962	0.0848912			
SLC35A1_9868	313139	slc35a1	0.02342834830144475	0.2377618804292284	-1.0615907	1.0615907	-1.0091332	-1.0244615	-1.0164975	1.0103446	-1.0126926	-1.0087042	-1.0058407	-1.0085917	-1.0615907	0.6941565	0.33106366	0.49374175	0.72333825	0.5707892	0.66173214	0.78726864	0.6821092	0.010530915			
SLC6A18_32647	29323	slc6a18	0.02141157811260904	0.23709908825843476	-1.0738225	1.0738225	-1.0095209	1.0065951	1.0017684	-1.0383164	-1.0051386	1.0197054	-1.0090387	-1.0030477	-1.0738225	0.72573775	0.66704446	0.9471877	0.13185066	0.7313178	0.23129073	0.6833355	0.8926523	0.11438708			
SLC7A12_32838	294881	slc7a12	0.018756371049949032	0.22591628279591427	-1.1090583	1.1090583	-1.0365132	1.0084741	-1.0467684	-1.0363134	-1.0203551	1.0325799	-1.0090232	1.0008116	-1.1090583	0.40523607	0.7078331	0.07813242	0.18833718	0.401358	0.33658463	0.69367176	0.97714895	0.15722826			
SMAD4_9892	50554	smad4	0.011307280301527474	0.18464285714285714	-1.1274059	1.1274059	-1.0541046	1.0206151	1.0135949	1.0106816	-1.025346	-1.0206602	-1.0332489	-1.0439551	-1.1274059	0.32739958	0.38947204	0.749411	0.7359614	0.43048027	0.53036505	0.12425641	0.20849632	1.3789313E-4			
SMC2_9898	362519	smc2	0.017066233238520925	0.22439121532263417	-1.0880327	1.0880327	-1.0202425	-1.0329722	-1.0221618	-1.0440532	-1.0429636	-1.0321975	-1.0207529	-1.0601649	-1.0880327	0.3919394	0.24547179	0.54974955	0.10208096	0.071897626	0.30768353	0.31699175	0.07250315	0.0027797737			
SMC4_9900	295107	smc4	0.03869529983792545	0.29929885341912066	-1.1626655	1.1626655	-1.1304649	-1.0158286	-1.020501	-1.0395343	-1.0776554	-1.040884	-1.0750743	-1.1626655	-1.1366112	0.0051417337	0.74364847	0.6578055	0.41025907	0.3089626	0.41329303	0.05365663	0.01455384	0.115501255			
SMNDC1_33297	287768;120095301	smndc1;loc120095301	0.036468712634515746	0.2898603430471173	1.0270101	1.0270101	-1.0160831	1.000561	1.0270101	-1.0071286	1.0012764	1.0013703	-1.0069536	-1.0013397	-1.0244024	0.13329913	0.9544043	0.00430571	0.50383246	0.87006277	0.87085706	0.59793216	0.89820004	0.0029461014			
SNX7_33286	310815	snx7	0.0022132796780684103	0.10155383589168573	-1.0725489	1.0725489	-1.0442873	-1.0193782	1.0017227	-1.0023155	-1.0121714	-1.0126194	1.003973	-1.0162584	-1.0725489	0.10955027	0.14471065	0.9100464	0.9128079	0.49655563	0.45943454	0.76887614	0.28696254	4.501732E-4			
SOAT1_33217	81782	soat1	0.04147648342925184	0.3119031553879738	-1.1683928	1.1683928	-1.0566938	-1.0199947	1.0857478	-1.0333904	-1.0138506	-1.0395945	-1.0745441	-1.0442972	-1.1683928	0.16690648	0.67961156	0.15127602	0.65312266	0.74020267	0.5267608	0.25384378	0.52425086	0.016395785			
SPR_9930	297402;29270	spr-ps1;spr	1.9892580067634773E-4	0.03362437604669691	-1.113249	1.113249	-1.0227444	-1.014838	1.0082887	1.0042878	-1.0276829	-1.0144643	-1.0491364	-1.0336496	-1.113249	0.13702866	0.49953273	0.711249	0.6077304	0.12091751	0.22056746	8.8903826E-4	0.055623043	0.01638815			
STAR_32299	25557	star	0.012930135557872785	0.1989032443296009	2.3242562	2.3242562	-1.0403808	1.6106421	1.1321877	1.2520319	1.0719081	-1.2701849	-1.1422647	1.0744992	2.3242562	0.86084235	0.32237047	0.6792985	0.3759974	0.82814056	0.41670683	0.66677827	0.7801978	0.021835255	100.0	300.0	
STRBP_33130	84476	strbp	0.001586357326987904	0.08204802666164115	-1.0293287	1.0293287	1.0037857	1.0113231	1.0259246	1.00446	1.0090494	1.0072396	1.0006434	1.0002797	-1.0293287	0.7650417	0.13140072	0.0059947916	0.41550937	0.23212574	0.38748708	0.94632643	0.979653	1.7798824E-5			
SULT1C2_33309	171072;316153	sult1c2;sult1c2a	0.026184289426344192	0.2472562124825561	-1.1090488	1.1090488	-1.1008381	-1.0332074	1.0119174	1.0230808	-1.0411962	-1.0738208	1.0069695	-1.0788363	-1.1090488	0.0058012684	0.19712085	0.7650626	0.3259869	0.11128306	0.14461157	0.74119943	0.101880476	0.122919105			
SULT1C2A_9970	316153;501084	sult1c2a;sult1c2al1	0.0012123661345726409	0.07375529031337677	-1.0717801	1.0717801	1.0194489	1.0095106	-1.0054243	1.0086156	-1.0064415	1.0207219	1.0306178	-1.0184431	-1.0717801	0.33711004	0.60470116	0.74719816	0.6229269	0.7729035	0.21788897	0.08417216	0.33073133	0.09796158			
SUMF1_32831	362409	sumf1	0.030827366746221163	0.2730830146183746	-1.0374012	1.0374012	-1.0230819	1.0024127	1.023361	-1.0050585	1.0028892	-1.012064	-1.0127103	1.0020173	-1.0374012	0.2450393	0.81822956	0.14553311	0.67269874	0.7716334	0.28955698	0.30164078	0.8757241	0.03400396			
SYPL1_9979	366595	sypl1	0.017023833366713398	0.22439121532263417	-1.0433165	1.0433165	-1.0125924	1.0004948	-1.0017594	1.006855	-1.0061258	1.0036042	1.008467	1.0101231	-1.0433165	0.3453717	0.96771467	0.91369003	0.62280375	0.64346063	0.83471304	0.57779515	0.5476179	0.13297601			
TBC1D10C_32813	361697	tbc1d10c	0.010551948051948052	0.17740998838559813	-1.3514686	1.3514686	-1.171695	-1.0763372	-1.1616588	-1.046594	-1.0983833	-1.1398722	-1.1089413	1.1733276	-1.3514686	0.08019744	0.12207171	0.16112377	0.35588503	0.37558305	0.031524397	0.16523652	4.720722E-4	0.12848985			
TCEB1_33163	64525	eloc	0.0057699960206923995	0.14342153092655305	1.0308537	1.0308537	1.0082241	1.0129421	1.0267227	1.0218598	1.0162495	1.013373	1.0152941	1.0308537	-1.015548	0.372646	0.0092932135	0.0705129	0.0017460573	0.07063671	0.009689277	0.08310918	0.07371003	0.19872849			
TESK1_10001	29460	tesk1	0.047061199757624725	0.32658577549922124	1.0540285	1.0540285	-1.0073436	1.0540285	1.0366105	1.0318545	1.0363847	1.0321771	1.0346894	1.0196424	-1.0346463	0.8393597	0.01466337	0.10020857	0.006614452	0.09447364	0.08408482	0.05211098	0.39388102	0.011444796			
TG_32506	24826	tg	2.099517111064455E-4	0.03362437604669691	-1.5690578	1.5690578	1.0155574	1.0272102	-1.0209916	1.0150119	1.0011761	1.0063832	-1.016824	-1.0191647	-1.5690578	0.39959827	0.46917924	0.45460764	0.46451887	0.9355323	0.7962943	0.52128834	0.5165248	0.05184472			
TGFB3_10006	25717	tgfb3	0.007045088566827697	0.1591622760337412	-1.3509091	1.3509091	-1.1077104	-1.1037326	-1.1246666	-1.3509091	-1.124568	-1.0373335	-1.0410655	-1.0895745	1.2502148	0.4426227	0.40809748	0.21112345	0.06727095	0.28658992	0.6920884	0.6782498	0.49592152	0.043770492			
TIMM9_10020	171139	timm9	0.004645526156332054	0.1298236228553336	-1.2158422	1.2158422	1.1165102	1.1160549	1.0969434	1.0283246	-1.0069447	1.0621529	1.126635	-1.0060598	-1.2158422	0.095355175	0.15699907	0.08496535	0.7440342	0.92173725	0.39309695	0.07393614	0.8958513	0.0042167157			
TIPARP_10024	310467	tiparp	0.02354598510766754	0.2377618804292284	-1.0459569	1.0459569	1.0278531	1.0143387	-1.0361284	-1.0195832	-1.013701	-1.0060637	1.002124	-1.0459569	-1.0379258	0.3416673	0.16491842	0.17124455	0.092935875	0.23066579	0.67641103	0.8454441	0.02011948	0.37772724			
TLR8_33238	684440	tlr8	0.012437311935807422	0.19485122032764962	-1.4868727	1.4868727	-1.1501683	-1.1178476	1.024209	-1.0769362	1.0002029	-1.101316	-1.1075726	1.107599	-1.4868727	0.20951813	0.3388582	0.8631157	0.59106445	0.9986799	0.23572859	0.20989637	0.27942464	0.0055249315			
TM7SF3_32966	297725	tm7sf3	0.025707453168593065	0.24499084402143065	-1.1743028	1.1743028	-1.0338291	-1.1498104	-1.0102111	1.029971	-1.012842	1.0042986	-1.1743028	1.0206441	1.1108284	0.49779257	0.0062583894	0.82354504	0.6597835	0.87404984	0.91569775	0.034348913	0.7319803	0.009998488			
TMCO1_10035	289196	tmco1	0.0410958904109589	0.31016898310168983	-1.0161989	1.0161989	1.0124874	1.0005921	-1.0161989	-1.0009139	-1.0033973	1.0052596	1.0116656	-1.0000442	-1.0126522	0.11921968	0.93206537	0.08130141	0.90810364	0.5806671	0.4027419	0.07677675	0.9958787	0.091351636			
TMSB10_32772	50665	tmsb10	0.018430439952437573	0.22591628279591427	-1.0593258	1.0593258	-1.0527217	-1.0176677	-1.0417321	-1.0363787	-1.0234913	-1.0258938	-1.0310107	1.0128367	-1.0593258	0.11548997	0.4044516	0.042684752	0.038681347	0.23775968	0.14582479	0.1883649	0.53034765	0.104993716			
TNC_33066	116640	tnc	0.020072992700729927	0.22934225914425133	-1.1769997	1.1769997	-1.07421	-1.0513943	-1.1408249	-1.1242566	-1.0494016	-1.0295227	-1.049053	-1.0375136	-1.1769997	0.2914888	0.27169573	0.048198104	4.1206877E-4	0.12435767	0.583381	0.38368005	0.38606188	0.15626256			
TNNC2_32753	296369	tnnc2	0.0032441200324412004	0.12658189107713966	-1.592813	1.592813	-1.1290815	-1.1375256	-1.10544	-1.014422	-1.1819293	-1.2768078	-1.2014616	1.0068021	-1.592813	0.31283936	0.1120821	0.26623183	0.8035391	0.03626143	0.025537925	0.16707999	0.8743044	0.104825795			
TNNT3_33197	24838	tnnt3	0.025620334879967722	0.24499084402143065	-1.619184	1.619184	-1.2976841	-1.0064372	1.0349435	-1.1461838	-1.2056175	-1.4124291	-1.1342045	1.1408318	-1.619184	0.04355866	0.9555857	0.74772686	0.2583479	0.11944634	0.11235273	0.42502847	0.2529259	0.17485248			
TOMM70A_10058	304017	tomm70	6.06550748079256E-4	0.05651354084114449	-1.0478424	1.0478424	1.0076176	1.0205425	1.0099769	1.0101925	1.0002248	1.0199924	1.0121912	1.0180727	-1.0478424	0.48450172	0.08429507	0.25464565	0.23801109	0.98117656	0.041432355	0.2607643	0.13545045	0.049065728			
TRMT6_10088	311441	trmt6	0.004524886877828055	0.1281844666212112	1.1495262	1.1495262	-1.013028	1.0407428	1.1495262	1.1228074	1.0596067	1.0274917	1.0601479	1.0385545	-1.1381954	0.7305813	0.5979454	0.006463424	0.07858424	0.35697985	0.4041283	0.10057747	0.41529828	0.004270382			
TRPC6_10091	89823	trpc6	0.02995345071847804	0.26815470167018435	-1.196594	1.196594	1.0170381	1.0937518	1.1571178	1.0618103	1.0462849	1.1113011	-1.0106306	1.0657867	-1.196594	0.78984886	0.2754371	0.06812278	0.5325915	0.60012484	0.09167327	0.8757566	0.5559226	0.08967734			
TUBA1C_32945	64158;300218	tuba1a;tuba1c	0.002377179080824089	0.10155383589168573	-1.0970123	1.0970123	-1.0356392	1.0265601	1.008559	-1.0466763	1.0007857	1.0141273	1.0343437	1.015395	-1.0970123	0.14607571	0.12589741	0.72206014	0.0649265	0.9690126	0.47467583	0.25043905	0.5446902	0.0057702987			
TUBB5_10105	29214	tubb5	6.016847172081829E-4	0.05651354084114449	-1.1203547	1.1203547	-1.0623167	-1.0070099	-1.0354337	-1.0439482	-1.0612907	-1.0417529	-1.0138794	1.0102665	-1.1203547	0.121951684	0.8210173	0.19802885	0.018236196	0.027711151	0.11686667	0.6712828	0.58806515	0.036038097			
TXNRD1_10114	58819	txnrd1	0.034375	0.28069444444444447	1.0536126	1.0536126	1.0224543	1.0282645	1.0536126	1.0332057	1.0264956	1.018087	1.0366476	1.0287713	-1.0166247	0.105712056	0.10323397	0.024710521	0.010599493	0.21638359	0.27681616	0.044938408	0.11793268	0.2651293			
UBQLN2_10128	317396	ubqln2	0.022567287784679087	0.2377618804292284	-1.0455755	1.0455755	1.0233349	1.0412475	-1.0281032	1.0097536	1.0191387	1.0438607	1.0336844	1.0186427	-1.0455755	0.30371144	0.003972091	0.3456693	0.48777968	0.39832112	0.0023002203	0.053345323	0.32750544	0.07590448			
UBR7_10129	314399	ubr7	0.0216	0.2376	-1.1026279	1.1026279	-1.0213827	1.0418322	1.0893852	-1.0023507	1.0503502	1.0334772	1.0410893	-1.0145472	-1.1026279	0.5845202	0.1103129	0.08061097	0.9573366	0.2004172	0.40905458	0.19150345	0.798707	0.005063128			
UFM1_10130	365797	ufm1	0.0012126111560226355	0.07375529031337677	-1.06321	1.06321	1.0149426	1.0152847	-1.0137725	-1.022506	-1.0200628	-1.009091	1.0200943	-1.0154943	-1.06321	0.43093586	0.49894673	0.4807654	0.17899375	0.23516619	0.65291536	0.23047902	0.44668487	0.0024172743			
UGT2B7_33032	286989	ugt2b7	0.03243131584383392	0.2748686932993793	-1.2818556	1.2818556	-1.0819277	-1.0077454	-1.0290548	-1.0488926	-1.082806	-1.0336242	1.0425614	-1.0230205	-1.2818556	0.013535446	0.82068175	0.62181187	0.50387865	0.13279518	0.5565125	0.37582392	0.41684407	0.3035754			
USP1_10136	313387	usp1	0.00404040404040404	0.12707274466945814	-1.1061401	1.1061401	-1.0485874	-1.0291336	1.0067798	-1.019789	-1.0342796	-1.0211229	-1.0494996	-1.0083114	-1.1061401	0.10683959	0.24408351	0.7654711	0.37006217	0.091085926	0.23313521	0.09418613	0.776942	0.13709044			
USP14_10137	291796	usp14	0.022782258064516128	0.2377618804292284	1.0338249	1.0338249	1.0087414	1.0081834	1.0338249	1.015029	1.0077475	1.01697	1.0099713	1.0114189	-1.0119691	0.44673148	0.36464402	9.908611E-4	0.13070418	0.34036574	0.09087256	0.1511913	0.08580395	0.18207204			
USP7_10142	360471	usp7	0.007898894154818325	0.1617318129917257	-1.0370678	1.0370678	-1.017809	1.0029985	1.0344393	1.013251	1.0107627	1.0001023	-1.0016912	1.0125847	-1.0370678	0.15754412	0.81225413	0.086849734	0.198696	0.413758	0.99171484	0.8389795	0.46284238	0.09778717			
UST5R_10143	171398	ust5r	0.00240625626629236	0.10155383589168573	-1.1280773	1.1280773	-1.0371643	1.0005138	1.0340728	-1.0043106	-1.005092	-1.0532112	-1.0577536	-1.0444132	-1.1280773	0.2184388	0.9842045	0.43745008	0.89040375	0.84696823	0.057255134	0.03944566	0.055044346	0.07775637			
UTP14A_10144	317579	utp14a	0.04345273047563124	0.31685152404001016	-1.1400682	1.1400682	1.0775259	1.0041366	1.0259984	-1.0320153	-1.0390804	-1.0556418	-1.0354967	1.0259552	-1.1400682	0.1553988	0.9436562	0.61163086	0.6688793	0.3209024	0.3543803	0.5449893	0.7422839	0.016677607			
VDAC2_10151	83531	vdac2	0.0019646365422396855	0.09448531091515511	-1.0302533	1.0302533	1.0049144	-1.0136473	1.0296441	-1.0077013	-1.000665	-1.009424	-1.0045788	-1.0104276	-1.0302533	0.4448507	0.10555687	0.007302049	0.40724927	0.9474551	0.3233351	0.63307494	0.39737192	0.011418355			
VNN1_10157	29142	vnn1	2.099517111064455E-4	0.03362437604669691	1.1834861	1.1834861	1.0244396	1.010348	1.0064433	1.0374767	1.0325149	1.0171412	1.0389941	1.0778347	1.1834861	0.38664857	0.4642146	0.75190204	0.035584476	0.0069033173	0.4266487	0.23572259	0.0042041345	0.087015204			
VPS28_10158	300052	vps28	0.02809207959422552	0.25935009196811776	-1.0465108	1.0465108	1.0029359	-1.0106264	-1.0465108	-1.0227971	-1.0163388	-1.0024898	-1.0196935	-1.0330558	1.0218561	0.82881916	0.21748024	0.020139478	0.06204904	0.42784974	0.824527	0.0469725	0.10447237	0.06531921			
VWF_32396	116669	vwf	0.003927729772191673	0.12707274466945814	-1.0906662	1.0906662	-1.0433582	1.0560259	-1.0087298	-1.0165148	-1.0071012	1.0842216	-1.0095689	-1.0104	-1.0906662	0.21894236	0.044850163	0.70191455	0.5669205	0.7732708	0.0054656304	0.67069155	0.67713153	0.0719287			
WASF3_10163	682937	wasf3	0.02585858585858586	0.24530071355759428	-1.3019524	1.3019524	-1.1264817	-1.0839369	1.0397242	-1.098167	-1.0758917	-1.0911902	-1.0233477	1.0360731	-1.3019524	0.21697812	0.35067004	0.5731615	0.2580077	0.44869393	0.3193594	0.7410057	0.65519065	0.07862819			
WDR12_10166	363237	wdr12	0.02095506749949627	0.23485885885885885	-1.087093	1.087093	-1.011694	1.0466021	1.0644869	1.047566	1.0129943	1.0278683	1.0009179	1.02848	-1.087093	0.57840925	0.17397292	0.14393473	0.15888824	0.7018386	0.49106082	0.9788697	0.28431445	0.25797164			
XDH_10180	497811	xdh	0.034081632653061224	0.28069444444444447	1.059111	1.059111	-1.0023948	1.0110489	1.0015844	1.0148703	1.0280654	1.0075557	1.0129237	1.0365877	1.059111	0.85762554	0.4356639	0.9106613	0.20707542	0.13877065	0.6832259	0.509888	0.13463943	0.25755093			
YME1L1_32545	114217	yme1l1	0.02547513141932875	0.24499084402143065	-1.0453033	1.0453033	1.0136428	1.0362581	1.0062028	-1.0152029	-1.0245767	1.0125561	1.0294936	1.0320659	-1.0453033	0.44416288	0.12825875	0.7409894	0.20547175	0.32561877	0.1619207	0.22286478	0.13820317	0.21254781			
YTHDF1_10190	296467	ythdf1	0.015733917546305518	0.21861302824764692	1.1043774	1.1043774	-1.0118636	1.0245336	1.1043774	1.0338205	1.0410639	-1.0006496	1.0461614	1.0722666	-1.0965693	0.7620799	0.34375036	0.06547216	0.27455643	0.20713471	0.98740447	0.049691506	0.16099629	0.14261132			
YWHAB_10191	56011	ywhab	0.04167493550307601	0.3122600239868159	1.0495303	1.0495303	-1.0096881	1.020751	1.0495303	1.007946	1.0156143	1.0045238	1.0174099	1.0250938	-1.0296136	0.6347393	0.13293344	0.0037032175	0.46210605	0.2601715	0.695422	0.3067612	0.28250605	0.3187197			
ZEB2_33022	311071	zeb2	0.006857603872529245	0.1591622760337412	-1.1950212	1.1950212	-1.0925409	-1.0285246	-1.0796646	-1.087743	-1.0350964	-1.0212556	-1.0297657	-1.001443	-1.1950212	0.20676431	0.35691896	0.17856534	0.0105006825	0.463287	0.6699593	0.42062995	0.96583533	0.13870083			
