Williams Trend Test
Data Source: P2_Perfluoro_3_methoxypropanoic_acid_Male_Thyroid-expression1
Work Source: null
BMDExpress3 Version: BMDExpress 3.20.119 BETA
Timestamp (Start Time): 12/14/2025 07:32.54
Number of Permutations: 10000
Unadjusted P-Value Cutoff: 0.05
Multiple Testing Correction: false
Filter Out Control Genes: true
NOTEL/LOTEL Test: T-Test
NOTEL/LOTEL p-Value Threshold: 0.05
NOTEL/LOTEL Fold Change Threshold: 2.0
Total Run Time: 15 seconds

Chip: BioSpyder S1500_Rat
Provider: BioSpyder

=== Experiment Description ===
Experiment Type: in vivo
Test Article: Perfluoro-3-methoxypropanoic acid | CAS: 377-73-1 | DSSTOX: DTXSID70191136
Subject Type: in vivo
Species: rat
Strain: Sprague-Dawley
Sex: male
Organ: thyroid
Article Route: oral
Article Vehicle: feed
Administration Means: dietary
Study Duration: 28d
Platform: BioSpyder S1500+ Rat
Provider: BioSpyder
Article Type: chemical
Chip File Creation Date: 10/31/24
Log Transformation: NONE
BMDExpress3 Version: BMDExpress 3.20.119 BETA
Timestamp: 12/14/2025 07:06.33

Probe ID	Gene ID	Gene Symbol	Unadjusted P-Value	Adjusted P-Value	Max Fold Change	Max Fold Change Unsigned	FC Dose Level 1	FC Dose Level 2	FC Dose Level 3	FC Dose Level 4	FC Dose Level 5	FC Dose Level 6	FC Dose Level 7	FC Dose Level 8	FC Dose Level 9	NOTEL/LOTEL T-Test p-Value Level 1	NOTEL/LOTEL T-Test p-Value Level 2	NOTEL/LOTEL T-Test p-Value Level 3	NOTEL/LOTEL T-Test p-Value Level 4	NOTEL/LOTEL T-Test p-Value Level 5	NOTEL/LOTEL T-Test p-Value Level 6	NOTEL/LOTEL T-Test p-Value Level 7	NOTEL/LOTEL T-Test p-Value Level 8	NOTEL/LOTEL T-Test p-Value Level 9	NOTEL	LOTEL
AARS_7935	292023	aars1	0.030014195903467857	0.3950884378256762	-1.0730737	1.0730737	-1.0189936	-1.0432154	-1.0520202	-1.0348516	-1.0389756	-1.0180161	-1.0305077	-1.0403708	-1.0730737	0.36350736	0.09366902	0.013491737	0.33984265	0.10759558	0.536097	0.5452037	0.018210256	0.056179043			
ACACA_32532	60581	acaca	0.0414057766107857	0.4283983033730559	-1.0745755	1.0745755	1.033964	1.030807	-1.0336044	1.0065169	-1.0574743	1.0255374	-1.0267751	-1.0134038	-1.0745755	0.35887468	0.047351826	0.3540696	0.7706874	0.24782349	0.3424678	0.62204045	0.76146513	0.12209996			
ACADVL_7960	25363	acadvl	0.018624925698434713	0.3527095304141074	-1.0584103	1.0584103	1.004264	1.0182618	-1.0132514	1.0168691	-1.0120513	1.0182701	-1.0264914	-1.0114446	-1.0584103	0.8770491	0.3334397	0.54665965	0.3831851	0.5752728	0.45069268	0.33144823	0.6266891	0.058959287			
ACSS2_7977	311569	acss2	0.020800316957210775	0.3556338028169014	-1.1546346	1.1546346	1.0047302	1.0627956	-1.0283014	-1.0622884	-1.0549228	1.03801	-1.068676	-1.1546346	-1.1514072	0.94568235	0.09080764	0.57748735	0.05917386	0.29130748	0.6130114	0.14750457	0.11719234	0.011157163			
ADRB2_7997	24176	adrb2	0.03962655601659751	0.42100468241042344	-1.1238191	1.1238191	-1.0149031	-1.0576221	-1.0677044	-1.1071597	-1.04236	1.0300336	1.0007606	-1.0462694	-1.1238191	0.7675625	0.18141831	0.09887741	0.25115806	0.28883752	0.45602158	0.97451466	0.29805985	8.5066847E-4			
AHNAK_32407	191572	ahnak	0.017630176301763018	0.3494729339816763	-1.0574468	1.0574468	1.0030911	-1.0161779	-1.0096685	-1.0366235	-1.0054088	1.002543	1.0177021	-1.0012643	-1.0574468	0.70610535	0.1731639	0.43658474	0.35106787	0.58648473	0.9083276	0.4876485	0.85737556	0.030551847			
ALDOB_8033	24190	aldob	0.027353177795655673	0.38279751491263203	-1.3174623	1.3174623	-1.204604	-1.2154031	-1.1410736	-1.3174623	-1.0538541	-1.251154	-1.2744833	-1.1705639	-1.2937461	0.15823966	0.18309288	0.32972202	0.061628167	0.75141674	0.1331193	0.10911814	0.2855844	0.06990931			
AMACR_8038	25284	amacr	0.027432919503404086	0.38279751491263203	-1.1257402	1.1257402	-1.0862867	-1.0333353	-1.0234692	-1.0550536	-1.0353378	-1.034569	-1.1257402	-1.0518404	-1.0498453	0.01151155	0.1879659	0.3443878	0.05600187	0.24272825	0.22222075	0.08408334	0.06782806	0.1722371			
APP_8067	54226	app	0.0081799591002045	0.2823866340335849	-1.0844674	1.0844674	-1.0021521	-1.0259491	-1.0148653	-1.0404186	-1.032262	1.0059493	-1.0310401	-1.0260282	-1.0844674	0.87938356	0.12032405	0.5140804	0.31878668	0.082009025	0.8103282	0.32202157	0.15922052	0.03993973			
ARFIP2_8077	293344	arfip2	0.030388408130408533	0.3950884378256762	-1.1516048	1.1516048	-1.0325321	-1.0361562	-1.0097432	-1.0659006	-1.0309801	1.0076761	-1.1151137	-1.0734295	-1.1516048	0.49491808	0.3574367	0.86269534	0.30026	0.5080308	0.8996879	0.14284979	0.18192835	0.0844502			
ARHGAP30_32923	498282	arhgap30	0.04057618178129438	0.4239511406804206	-1.1689742	1.1689742	1.0068239	-1.0010922	-1.0167996	-1.0584269	-1.0448886	1.0141364	1.0071821	-1.0406126	-1.1689742	0.76360095	0.9586443	0.68139803	0.5202124	0.5632132	0.73722947	0.94740915	0.2476991	0.061243422			
ARNT_32339	25242	arnt	0.005857402544940416	0.2823866340335849	-1.4704039	1.4704039	1.0024909	-1.0604554	1.0121572	1.0121142	-1.1729486	1.0229311	1.016509	-1.2531735	-1.4704039	0.97994196	0.5817916	0.88251865	0.8772981	0.17488919	0.8538206	0.8471613	0.10981702	0.042198274			
ARPC1B_32419	54227	arpc1b	0.0437448896156991	0.4335650040883074	-1.0618181	1.0618181	1.0159662	-1.0368898	1.0138664	-1.0530275	-1.0019183	-1.0117645	1.0553625	1.008428	-1.0618181	0.4583205	0.098333634	0.5353139	0.24464792	0.93927467	0.66443986	0.14578733	0.6379253	0.13189436			
ATF6B_32767	406169	atf6b	0.01319529029638652	0.30755176613885504	-1.1635684	1.1635684	1.0103551	-1.0599955	-1.0755032	-1.0659431	-1.086759	-1.0019051	-1.0454218	-1.0283744	-1.1635684	0.8093977	0.14319229	0.21613729	0.36684048	0.1412213	0.96773595	0.24994098	0.6048759	0.04314137			
ATP6V0B_8112	298451	atp6v0b	0.049291558571143486	0.44673509786185295	1.224665	1.224665	1.224665	1.1482221	1.1613235	-1.0153702	1.043322	-1.0163898	1.0335586	-1.0048939	-1.0973088	0.058216352	0.124547005	0.07578755	0.84242433	0.6444181	0.87579274	0.6643638	0.9534498	0.48125046			
B4GALT1_8124	24390	b4galt1	0.008860249697946033	0.2823866340335849	-1.1042345	1.1042345	1.0135707	-1.0603026	-1.0042473	1.008583	-1.0272877	-1.0181144	-1.0213213	1.0042099	-1.1042345	0.36898088	0.127203	0.9093359	0.77222383	0.10612943	0.66480124	0.6838146	0.760241	0.056621138			
BBOX1_8133	64564	bbox1	0.02099737532808399	0.3556338028169014	-1.625082	1.625082	1.0881741	1.0152723	-1.020627	-1.3973529	1.009033	-1.2095506	-1.0632287	-1.14927	-1.625082	0.46834135	0.90153456	0.88059205	0.12125936	0.95677465	0.16824472	0.82352084	0.3226365	0.064638995			
BCL2A1_8136	170929	bcl2a1	0.01841620626151013	0.3518988601861531	-1.1831815	1.1831815	-1.0432539	-1.1612511	-1.0086476	-1.0737994	-1.0008714	1.0039208	1.0612422	-1.0061663	-1.1831815	0.2155952	0.18599439	0.88870424	0.30079183	0.9810073	0.93541294	0.13876021	0.9059112	0.003531405			
BCL2L1_8137	24888	bcl2l1	0.03353097526068289	0.4001800500258755	-1.0910237	1.0910237	1.0129334	-1.0476713	-1.020565	-1.0547948	-1.0365767	1.0343349	1.0340545	1.0109532	-1.0910237	0.563046	0.13655615	0.61444145	0.34816393	0.20652801	0.3586903	0.57791656	0.7224395	0.025219718			
BECN1_8140	114558	becn1	0.004739336492890996	0.2823866340335849	-1.067398	1.067398	-1.0165931	-1.0296633	-1.0228425	-1.0312473	1.0058489	-1.0010854	1.0074532	-1.0180156	-1.067398	0.27272213	0.030979108	0.18185338	0.084031075	0.8208513	0.9570967	0.6516619	0.3424872	0.07022673			
BID_8145	64625	bid	0.0030432136335970784	0.2823866340335849	-1.3798145	1.3798145	1.007361	-1.0549502	-1.2712781	-1.0686616	-1.2859288	-1.0116603	1.0699099	-1.1604266	-1.3798145	0.92261004	0.46712628	0.113491066	0.32073	0.019556616	0.8589509	0.32435635	0.07682758	0.01670535			
BIRC2_8146	60371	birc2	0.015531660692951015	0.33275406393685963	-1.0719988	1.0719988	-1.0207156	-1.0396134	-1.0147965	1.0115508	-1.0484995	1.0083903	-1.0273123	-1.0293329	-1.0719988	0.2528271	0.18594949	0.42706844	0.76349795	0.0058689313	0.7959398	0.39843044	0.04303855	0.011252433			
BLCAP_8149	171113	blcap	0.00343226327478296	0.2823866340335849	-1.0820607	1.0820607	-1.0147226	-1.0508288	-1.0629057	-1.0820607	-1.0431075	-1.0068492	-1.065069	-1.0425469	-1.0789748	0.41298875	0.120797284	0.1021046	4.9613614E-4	0.06029326	0.7482241	0.008523324	7.13909E-4	0.020168303			
C1QA_8167	298566	c1qa	0.049958881578947366	0.4471003705862758	-1.3721793	1.3721793	-1.0300224	-1.3721793	-1.009497	-1.1705991	-1.0244492	-1.0083092	1.0368536	-1.0355052	-1.2826841	0.7825716	0.025214974	0.8901113	0.22063756	0.8238474	0.89335626	0.61360204	0.6834398	0.10576051			
C1QBP_8169	29681	c1qbp	0.04326826323203864	0.4335650040883074	-1.0872252	1.0872252	-1.0375193	-1.0276186	-1.0346905	-1.0397867	-1.0251104	-1.0317712	-1.0847201	-1.0322049	-1.0872252	0.3984229	0.13007686	0.07811832	0.48920146	0.15274009	0.102078326	0.19175473	0.3072999	0.023975749			
C1S_8172	192262	c1s	0.015195670274771023	0.33275406393685963	-1.1145169	1.1145169	1.0118089	-1.0513895	-1.0184088	-1.0650195	-1.0120685	-1.0020782	1.0338694	-1.0265006	-1.1145169	0.6494337	0.10779933	0.6018629	0.40871674	0.7249204	0.9551152	0.3609657	0.3138909	0.011235843			
C3_8175	24232	c3	0.045754245754245755	0.43482732922315087	-1.4476757	1.4476757	-1.2228013	-1.3796062	-1.1775519	-1.4476757	-1.066026	-1.1597165	-1.277903	-1.2083524	-1.3781875	0.1937276	0.097472124	0.3310495	0.07225423	0.7438676	0.33720157	0.26005104	0.2783898	0.0736065			
C7_8179	117517	c7	0.031133250311332503	0.39541092161877983	-1.0800201	1.0800201	-1.0019275	-1.0148919	-1.0190148	-1.0428394	-1.0141147	1.0009742	-1.0437776	-1.0047289	-1.0800201	0.88838863	0.36729693	0.4457496	0.39984715	0.4304521	0.96357816	0.37183118	0.70237064	0.03019827			
CALCOCO1_32442	246047	calcoco1	0.0351666325904723	0.4001800500258755	-1.1548905	1.1548905	-1.0443376	-1.1108291	-1.1099873	-1.1212962	-1.1548905	-1.0591143	-1.0567709	-1.072688	-1.1210942	0.25194854	0.017262151	0.09101457	7.56291E-4	0.0037942647	0.09964265	0.6130722	0.047368478	0.027696194			
CALR_8190	64202	calr	0.026713124274099883	0.38279751491263203	-1.0809675	1.0809675	-1.0101315	-1.000271	-1.0409049	-1.0809675	-1.0305015	-1.0183557	-1.0507606	1.0122006	1.0326657	0.64066994	0.9846083	0.29258823	0.078277305	0.011336812	0.15560076	0.14507125	0.23430435	0.20532544			
CAMSAP2_8192	289400	camsap2	0.016557645134914145	0.33768043587647023	-1.0746757	1.0746757	-1.0143825	-1.0423672	-1.0084801	-1.0527512	-1.0375028	-1.0054609	-1.0565956	-1.0481113	-1.0746757	0.40049517	0.23975769	0.7231576	0.012782008	0.08693781	0.8321926	0.22251238	0.05415369	0.040097326			
CAST_8205	25403	cast	0.0367934224049332	0.40645233812949644	-1.047016	1.047016	-1.0335585	-1.020884	-1.0241823	-1.0389545	-1.0276419	-1.005905	1.0293165	1.0007894	-1.047016	0.08912052	0.1008779	0.06997441	0.19516952	0.15966061	0.748883	0.16655526	0.94215256	0.11041961			
CAT_8206	24248	cat	0.0030525030525030525	0.2823866340335849	-1.0740724	1.0740724	-1.0219985	-1.0350001	-1.0578115	-1.0571135	-1.0650958	-1.0254126	-1.0679018	-1.0442532	-1.0740724	0.3616075	0.03119824	0.03409393	0.033686258	0.02834855	0.16283639	5.9424684E-4	0.011984394	0.06686346			
CCND2_33278	64033	ccnd2	0.012507565059511802	0.2998884842292983	-1.2061964	1.2061964	-1.0605826	-1.0673784	-1.1927655	-1.0881373	-1.1014601	-1.035668	-1.0622888	-1.0499303	-1.2061964	0.4479708	0.2360534	0.043362666	0.088276476	0.15051937	0.7049712	0.11377631	0.16487679	0.011570704			
CD36_8243	29184	cd36	0.010472238688006322	0.28673643100340473	-1.078093	1.078093	1.0554582	1.0426313	1.00361	1.0702718	1.0115947	1.0533575	-1.0166408	1.0250924	-1.078093	0.07363152	0.17734447	0.9486994	0.008838902	0.7337362	0.25636458	0.6325423	0.27964622	0.027383404			
CD74_8252	25599	cd74	0.03345802161263508	0.4001800500258755	-1.0790339	1.0790339	-1.0329859	-1.0525912	-1.029941	-1.0728036	-1.0574446	-1.0140564	1.046032	-1.0209166	-1.0790339	0.109141074	0.02401127	0.24973269	0.2290813	0.11645088	0.56181204	0.1958702	0.3066334	0.010288874			
CDK19_8265	309804	cdk19	0.0046795523906408955	0.2823866340335849	-1.1214648	1.1214648	-1.0445459	-1.0611738	-1.0036341	-1.052879	-1.1017122	-1.0315213	-1.0247228	-1.0831835	-1.1214648	0.16267039	0.0079536075	0.8759637	0.100575745	0.03448581	0.5860275	0.46260512	0.0012876231	0.034764465			
CDK6_8269	114483	cdk6	0.031604538087520256	0.3962397010921633	-1.2495534	1.2495534	1.0494028	-1.0351648	1.0463333	-1.048125	-1.0674297	1.0375417	1.0101973	1.0202724	-1.2495534	0.5673384	0.72440165	0.32603905	0.643966	0.33810705	0.5029082	0.9047403	0.69553214	0.16093157			
CEBPB_8280	24253	cebpb	0.032915360501567396	0.4001800500258755	1.1459782	1.1459782	1.0892532	1.0223827	1.0380191	1.1459782	1.0271102	1.0714893	1.0053301	1.0249459	-1.0625868	0.048983585	0.37760186	0.44234213	0.07853166	0.3527045	0.24716912	0.9329991	0.36681238	0.06403712			
CLEC4A_32636	474143	clec4a	0.03243462396107845	0.39996417105492665	-1.1763132	1.1763132	1.0136025	-1.0289532	-1.0606575	-1.0776014	1.0140781	-1.0189637	-1.054983	-1.0022466	-1.1763132	0.6851389	0.4686685	0.38784537	0.42719838	0.7788904	0.6612146	0.6700851	0.94066465	0.003194616			
COL4A1_8355	290905	col4a1	0.008251157174481787	0.2823866340335849	-1.1985095	1.1985095	1.0926607	1.0019376	1.1344316	-1.0430576	-1.0088834	1.1201956	-1.1182253	1.1315494	-1.1985095	0.2769408	0.97550535	0.059179883	0.5921784	0.89201134	0.13468899	0.28994647	0.073740244	0.06932114			
COL4A2_8356	306628	col4a2	0.02672147995889003	0.38279751491263203	-1.0728295	1.0728295	1.0171382	-1.0017929	-1.0063424	-1.0523852	-1.0351224	1.0151027	-1.047743	-1.0041608	-1.0728295	0.28950736	0.8798682	0.67751354	0.2423175	0.010526395	0.5401785	0.38715187	0.8419496	0.097735085			
COL6A1_33258	294337	col6a1	0.046699875466998754	0.43482732922315087	-1.0716898	1.0716898	-1.0115726	-1.0313628	-1.0201081	-1.0622761	-1.0236527	-1.0120707	-1.0312915	-1.0306658	-1.0716898	0.26264152	0.0026893397	0.15282588	0.33392847	0.081176825	0.5360237	0.20503584	0.05390026	0.034777414			
COL6A2_32304	361821	col6a2	0.038920922570016475	0.41904201406601493	-1.1455865	1.1455865	1.0058022	-1.0314418	1.0076772	-1.0671195	-1.0032208	-1.0048726	1.0351669	-1.0377648	-1.1455865	0.7572715	0.27940845	0.8337872	0.546671	0.9311894	0.8909824	0.51617384	0.16274765	0.015704004			
CORO1A_8364	155151	coro1a	0.024898785425101214	0.38053906833650003	-1.1213095	1.1213095	-1.0250734	1.0045557	-1.0415534	-1.0304594	-1.0459785	-1.0047686	1.0596184	1.0105549	-1.1213095	0.42564967	0.884153	0.2128008	0.58434993	0.29680887	0.89138764	0.3927453	0.83568466	0.013791433			
CPT1B_8373	25756	cpt1b	0.008815868563414146	0.2823866340335849	-1.5420643	1.5420643	1.0469984	1.1281571	1.0386006	1.1346186	1.0173669	1.1176581	-1.5420643	-1.0920976	-1.1785957	0.63943136	0.017269427	0.5927291	0.02120516	0.7897521	0.12892215	0.052515935	0.27470484	0.05425204			
CRAT_8375	311849	crat	0.009042657755061922	0.2823866340335849	-1.0827625	1.0827625	1.0262363	1.0036178	1.0140845	1.0433378	1.0377632	1.0070181	-1.0827625	-1.0205693	-1.0386728	0.097215645	0.7406778	0.5397262	0.27624527	0.051719926	0.7266715	0.011834257	0.3890023	0.01206874			
CREB1_8377	81646	creb1	0.010367960967676356	0.28673643100340473	-1.0739475	1.0739475	-1.0050762	-1.0178561	-1.0358205	-1.0374368	-1.0739475	1.0021595	-1.0223773	-1.0231256	-1.0686215	0.7271228	0.5700653	0.13860264	0.16943397	0.0029532898	0.93146497	0.389699	0.12100193	0.025092848			
CRISPLD2_32789	171547	crispld2	0.005309373085562589	0.2823866340335849	-1.1313968	1.1313968	-1.0375744	-1.0690987	-1.0591145	-1.0669782	-1.0641295	-1.0328015	-1.0426565	-1.0729657	-1.1313968	0.31665188	0.01460816	0.028069714	0.28346935	0.025132732	0.2865082	0.25272432	0.032785535	0.03675466			
CRK_8382	54245	crk	0.007864488808227465	0.2823866340335849	-1.1053343	1.1053343	1.0081037	-1.0240752	-1.0486759	-1.0828924	-1.0357916	-1.0346409	-1.0042464	-1.0464588	-1.1053343	0.77735996	0.29539984	0.035218433	0.024296826	0.10268714	0.21984923	0.9466861	0.09068536	0.09759477			
CSK_8392	315707	csk	0.045491470349309504	0.43482732922315087	-1.4809265	1.4809265	-1.4809265	-1.4125862	-1.1739562	-1.1547301	-1.2176952	-1.1038952	-1.1490437	-1.2419888	-1.3712999	0.13833371	0.04761329	0.06489677	0.20613138	0.048569713	0.16517502	0.15213063	0.11497072	0.011202131			
CSNK1E_8394	58822	csnk1e	0.0012322858903265558	0.26900881476314287	-1.2675579	1.2675579	1.0749428	-1.0390995	1.0126517	-1.113688	1.0389247	1.0120455	1.0011878	1.0064003	-1.2675579	0.022647772	0.4248485	0.73834777	0.26815853	0.40264142	0.80284715	0.9840889	0.88399756	0.03100866			
CTNND1_8401	311163	ctnnd1	0.04585286325657224	0.43482732922315087	-1.0611182	1.0611182	-1.0127414	-1.0205241	-1.0413938	-1.0484393	-1.0611182	-1.0140698	-1.0237923	-1.0172342	-1.0447756	0.5034885	0.23045902	0.08668688	0.02163994	0.0049915817	0.5013842	0.022950454	0.19219807	0.1275062			
CTPS1_32924	313560	ctps1	0.013082259663032706	0.30755176613885504	-1.2728926	1.2728926	-1.0333762	-1.2728926	-1.2512958	-1.2394325	-1.1259992	-1.1028353	-1.204584	-1.0788181	1.1085228	0.6507262	0.02308167	0.03445386	0.112538435	0.23379868	0.3295542	0.09890891	0.29535174	0.1170651			
CTSZ_8405	252929	ctsz	0.005945059450594506	0.2823866340335849	-1.1355287	1.1355287	-1.0224996	-1.0435547	-1.0561872	-1.0533445	-1.0608679	-1.0181526	1.009483	1.0081095	-1.1355287	0.41571757	0.20169207	0.3371106	0.13912937	0.18737218	0.49386624	0.7999196	0.72122335	0.019866116			
CTTNBP2_33124	282587	cttnbp2	0.0014044943820224719	0.26900881476314287	-1.1576236	1.1576236	-1.1366966	-1.0963134	-1.038525	-1.0304099	-1.0753207	-1.0104508	-1.1576236	-1.106171	-1.1427987	0.00223473	0.02902418	3.653606E-4	0.3894596	0.031273603	0.84459656	0.015295054	0.057893302	0.016943302			
CXCL12_32815	24772	cxcl12	0.024938675388389207	0.38053906833650003	-1.0992235	1.0992235	-1.0024796	-1.0172111	-1.0002487	-1.0267175	1.0210191	-1.010432	-1.0354184	-1.0049984	-1.0992235	0.92089736	0.4349357	0.98805124	0.66397154	0.27927038	0.75442064	0.56421965	0.7434024	0.0040853675			
CXCL12_8410	24772	cxcl12	0.014012997562956946	0.3216772610977765	-1.1836956	1.1836956	-1.0084532	-1.0977567	-1.0358013	-1.0205547	-1.0382558	-1.0558968	-1.002506	-1.0159417	-1.1836956	0.9078664	0.08275878	0.49379507	0.8174943	0.4776472	0.48017418	0.9713846	0.746016	0.008408026			
CYBB_32987	66021	cybb	0.002462548737943772	0.2823866340335849	-1.1331239	1.1331239	1.0006169	-1.0413575	-1.0250014	-1.0707563	-1.0285085	1.0010896	1.0564628	-1.0286214	-1.1331239	0.9867516	0.14260961	0.3968911	0.19849473	0.36357334	0.9759976	0.2909374	0.23188338	0.007100401			
DAB2_33094	79128	dab2	0.0030574806359559724	0.2823866340335849	-1.159097	1.159097	1.0173569	-1.0058188	-1.030874	-1.0437534	1.0022006	1.0029373	-1.0762026	1.0126508	-1.159097	0.6726476	0.7782879	0.42057955	0.49479	0.91410387	0.91814417	0.3472145	0.61187166	0.009292736			
DAG1_8435	114489	dag1	0.04784881383192602	0.44124927885876125	-1.1290861	1.1290861	-1.0571618	-1.0945702	-1.0652183	-1.1049665	-1.0912037	-1.0635641	1.0155537	1.023363	-1.1290861	0.059345275	0.12756155	0.12675229	0.066300884	0.034249276	0.069760226	0.89851224	0.3878623	0.01948786			
DAXX_8438	140926	daxx	0.02553708958248885	0.38117207627898414	-1.0739298	1.0739298	-1.0249642	-1.0484897	-1.0139673	-1.0199975	-1.0233676	-1.0091549	1.0191044	-1.0012172	-1.0739298	0.27449158	0.07071521	0.358603	0.40179893	0.4362065	0.6778888	0.61733	0.91705424	0.115458116			
DEPTOR_32826	314979	deptor	0.0440760210270926	0.4342783042250688	-1.2272118	1.2272118	-1.0244724	-1.0647701	-1.1457394	-1.2272118	-1.1472713	-1.0604776	-1.0453557	-1.0033115	-1.1713203	0.68898034	0.3064182	0.012027508	0.031699263	0.04115151	0.23593889	0.38904265	0.886912	0.18818219			
DNMT1_8488	84350	dnmt1	0.021075873143315937	0.3556338028169014	-1.081016	1.081016	-1.0133685	-1.0170553	-1.0346684	-1.0160733	-1.0507028	-1.0096041	-1.0304989	-1.0266038	-1.081016	0.45235333	0.29823622	0.23148765	0.32881233	0.20185022	0.7798572	0.46676713	0.38712642	0.023989107			
DPYD_8493	81656	dpyd	0.0272636815920398	0.38279751491263203	-1.1115109	1.1115109	1.0238686	-1.027583	-1.0120966	1.0002037	-1.0125861	1.0059589	-1.0047171	1.0204748	-1.1115109	0.6553114	0.6104776	0.74572414	0.99733096	0.74718434	0.8552049	0.9228118	0.5906236	0.0050709792			
DSCC1_8498	299933	dscc1	0.028250851532758966	0.3890912733829985	-1.5620877	1.5620877	1.0239698	-1.0012652	-1.2587787	-1.4840547	-1.0729779	1.0583398	-1.010133	-1.1271219	-1.5620877	0.76356417	0.98560864	0.3689628	0.16945556	0.29137954	0.49660647	0.9319656	0.15078191	0.06798938			
DYNLL1_32638	58945	dynll1	0.0025455257489719993	0.2823866340335849	-1.0701598	1.0701598	1.0039806	-1.0015393	-1.0385236	-1.0701598	-1.0170224	-1.0377178	1.0095009	1.0055716	1.0688334	0.8794558	0.9378729	0.27746034	0.037502512	0.34142166	0.24636213	0.8097369	0.8012202	0.0040503666			
EGR1_8533	24330	egr1	0.011309891013777504	0.2925399858563669	-1.1989613	1.1989613	1.0352393	-1.0294173	-1.0612267	-1.0966382	-1.036588	-1.0082035	-1.1989613	-1.0151697	-1.1632777	0.2768193	0.3562948	0.21248156	0.24843006	0.2286717	0.7853815	0.16888082	0.71418375	0.030316949			
EIF4B_8549	300253	eif4b	0.02452642073778664	0.38053906833650003	-1.043821	1.043821	-1.000533	-1.0231901	-1.0170156	-1.0310056	-1.037812	1.0049645	1.0189075	1.0009934	-1.043821	0.9702764	0.1830036	0.32736897	0.23332478	0.027757384	0.82737756	0.2929658	0.950678	0.045306638			
EIF4G1_8551	287986;682402	eif4g1;eif4g1-ps1	0.015080497248828205	0.33275406393685963	-1.0581795	1.0581795	-1.005394	-1.0263234	-1.019733	-1.0377325	-1.0201	1.0000262	-1.0049084	-1.0269494	-1.0581795	0.7245801	0.038983006	0.12764616	0.16877846	0.34634456	0.99902236	0.89578676	0.039690234	0.06320395			
EMILIN1_33056	298845	emilin1	0.009185548071034905	0.2823866340335849	-1.2651541	1.2651541	-1.0955191	-1.0557588	1.0334014	-1.130953	1.0041009	1.0173665	1.0524495	-1.1097153	-1.2651541	0.24492437	0.41087604	0.60914946	0.20366974	0.94859904	0.7954677	0.5809578	0.24056657	0.051119145			
EPRS_8569	289352	eprs1	0.007284898602087025	0.2823866340335849	-1.0411587	1.0411587	-1.0140796	-1.0126759	-1.0172534	-1.0411587	-1.034379	-1.0245451	-1.0407947	-1.0158356	1.0229017	0.42582643	0.32926303	0.17962497	0.023274185	0.03369347	0.13995141	0.100388244	0.03138715	0.18963978			
ETS1_8577	24356	ets1	0.025699013157894735	0.38117207627898414	-1.4862014	1.4862014	-1.2917663	-1.4605412	-1.094949	-1.1727369	-1.2567358	-1.0060573	-1.2433054	1.0454419	-1.4862014	0.3189996	0.0013767062	0.29976088	0.26448658	0.10404337	0.9480533	0.22713383	0.2653757	0.012499382			
ETV1_8578	362733	etv1	0.020032375556454877	0.3556338028169014	-1.0719378	1.0719378	1.0083938	-1.0222394	1.0273168	1.0211208	1.0093206	1.0011903	1.0057613	-1.0177857	-1.0719378	0.73192334	0.40776864	0.24985924	0.5814848	0.7874435	0.9560054	0.8478795	0.44269451	0.029999133			
EVI2B_32891	100910940	evi2b	0.030921584478577204	0.3950884378256762	-1.1818639	1.1818639	1.0037148	-1.0648835	-1.0794847	-1.032145	-1.0250643	1.0829805	1.1134528	1.0542108	-1.1818639	0.93784755	0.41435063	0.22267742	0.6904041	0.70823574	0.20147079	0.1616673	0.26195252	0.045874286			
FABP4_8590	79451	fabp4	0.041	0.42627941176470585	-1.0504154	1.0504154	1.0102614	1.0329492	-1.0016049	1.0449682	-1.0004404	1.0272794	-1.0483578	-1.0000414	-1.0504154	0.7070183	0.19001888	0.944306	0.06146073	0.97958326	0.41424206	0.20139867	0.9989592	0.049292214			
FAM20B_8600	304885	fam20b	0.007464192051644139	0.2823866340335849	-1.0752385	1.0752385	1.0121711	-1.0370933	-1.0505135	-1.0641465	-1.0145552	-1.0425996	1.0092516	-1.0164571	-1.0752385	0.69715136	0.23719129	0.12447191	0.066661455	0.53982437	0.14178377	0.7233601	0.5744695	0.01134702			
FAM55B_32626	500991	nxpe4	0.006810897435897436	0.2823866340335849	-5.385334	5.385334	-1.1510382	-2.2697089	-1.8534307	-3.6769755	-1.3713719	-1.3487915	-1.1849303	-2.7174532	-5.385334	0.6875933	0.05894819	0.1324429	0.008344886	0.32858282	0.30823812	0.69486725	0.021877138	0.0012249539	0.3	1.0	
FAM63A_8604	310665	mindy1	0.0038445973290165926	0.2823866340335849	-1.0793244	1.0793244	-1.0231495	-1.0494174	-1.0578849	-1.0452007	-1.0582256	-1.0182424	-1.0175647	-1.030243	-1.0793244	0.23911309	0.052068792	0.06154452	0.11709562	0.0034981025	0.20775954	0.23730478	0.05864888	0.048817802			
FASN_8611	50671	fasn	0.04694741084021761	0.43482732922315087	-1.1285536	1.1285536	1.0264038	1.0463213	-1.1016966	-1.0063165	-1.0719054	1.0228969	-1.1285536	-1.0470831	-1.1103628	0.67336607	0.18729416	0.114311345	0.8729447	0.24061021	0.5839235	0.010534954	0.4805795	0.11276015			
FBXO11_8619	301674	fbxo11	0.005451241671714113	0.2823866340335849	-1.0834827	1.0834827	-1.0249236	-1.0155412	-1.0495571	-1.0525422	-1.0690912	-1.0189422	-1.0834827	-1.041667	-1.0685086	0.07312759	0.4717038	0.01759422	0.010774586	0.0031860562	0.41939774	0.08583622	0.01239497	0.02750347			
FGFR2_8637	25022	fgfr2	0.00392805457928468	0.2823866340335849	-1.2837371	1.2837371	-1.0509206	-1.084635	-1.0697998	-1.1978633	-1.0876971	-1.003054	-1.1313032	-1.0306396	-1.2837371	0.017780999	0.021332365	0.03068433	0.029134177	0.13828212	0.9545741	0.19591658	0.37860274	0.10933079			
FOS_8657	314322	fos	0.03528225806451613	0.4001800500258755	-1.2288077	1.2288077	1.0372111	1.0189295	1.027722	-1.0861263	-1.049375	1.0611552	1.0906179	-1.0384405	-1.2288077	0.8133823	0.69999146	0.5374022	0.19651419	0.5342607	0.36769074	0.09124039	0.67048734	0.0617835			
FOXJ3_8661	313554	foxj3	0.0445716622367614	0.4342783042250688	-1.0851164	1.0851164	-1.0549134	-1.051395	-1.0558255	-1.064147	-1.0402831	1.0123485	-1.016878	-1.0293318	-1.0851164	0.19210103	0.08288991	0.15896788	0.06893987	0.2653742	0.6739276	0.49723843	0.29458112	0.16582227			
FSTL1_32837	79210	fstl1	3.972983710766786E-4	0.26900881476314287	1.197668	1.197668	1.0634586	-1.0060253	1.0127381	1.0266982	1.0787024	1.0386243	1.0755464	1.168784	1.197668	0.26997763	0.8860718	0.8147254	0.6329002	0.12061192	0.377628	0.11465104	0.013519833	6.2751316E-4			
FYN_8670	25150	fyn	0.02076907258893687	0.3556338028169014	-1.0723948	1.0723948	1.0292166	-1.0252802	-1.0130625	-1.0476731	1.0189687	-1.0254042	1.0068092	1.0203828	-1.0723948	0.35922635	0.3073511	0.6172079	0.26241845	0.44505507	0.45190522	0.73314196	0.5186932	0.13804464			
GADD45B_8679	299626	gadd45b	0.034157122764717704	0.4001800500258755	-2.6807218	2.6807218	-1.4576194	-1.3875047	1.0848676	-1.9566462	-1.6744031	-1.5037059	1.0419598	-1.0734584	-2.6807218	0.25067186	0.41650143	0.67579633	0.022298502	0.19879039	0.14390808	0.7769042	0.810187	0.05263675			
GAR1_8683	499709	gar1	0.0016009605763458075	0.26900881476314287	-1.3497478	1.3497478	-1.1185865	-1.1986703	-1.3497478	-1.3402123	-1.2162129	-1.1485881	-1.03883	1.1516933	1.1742972	0.31167763	0.2072099	0.017530506	0.040659565	0.045731667	0.15045494	0.7764579	0.07881672	0.0786077			
GDF15_33113	29455	gdf15	0.0429664508534432	0.4335650040883074	1.2340232	1.2340232	1.1607559	-1.0412852	-1.0654927	-1.055633	1.0556629	1.0296596	1.1791818	1.1034492	1.2340232	0.25979713	0.73177814	0.55043215	0.5473604	0.4907606	0.7319674	0.14004588	0.46819475	0.014583048			
GM2A_32907	282838	gm2a	0.03962798220784472	0.42100468241042344	-1.1023821	1.1023821	-1.0151119	-1.0629677	-1.0227253	1.0165954	-1.0347708	-1.0177138	-1.0047817	-1.0103492	-1.1023821	0.5659408	0.05478111	0.39750755	0.6360357	0.31605476	0.618726	0.9563645	0.6559558	0.026213655			
GPD1_32517	60666	gpd1	0.035237905634083216	0.4001800500258755	-1.120597	1.120597	1.015645	1.0450162	-1.0113397	1.0051348	1.0016885	1.0139472	-1.120597	-1.0633479	-1.0835934	0.70021117	0.14838877	0.734409	0.86123514	0.9580455	0.7248957	0.18545273	0.17547277	0.06703441			
GPLD1_8743	291132	gpld1	0.009223982354120714	0.2823866340335849	-2.6386821	2.6386821	-1.0191332	-1.2294073	-1.6627383	-2.6386821	-1.2487191	-1.3279557	-1.1324368	-1.3482149	-1.659637	0.8437295	0.22143343	0.016368577	0.014757618	0.09227223	0.055819217	0.45037952	0.07314942	0.008039572	0.3	1.0	
GRN_8752	29143	grn	0.015412695193672683	0.33275406393685963	-1.1184429	1.1184429	-1.0210239	-1.0735662	-1.0330836	-1.0211654	-1.0700397	-1.0289857	1.062517	-1.0467421	-1.1184429	0.495425	0.0011643735	0.30247584	0.5411328	0.18758067	0.4320468	0.43787003	0.21766008	0.0038918396			
GSK3B_8754	84027	gsk3b	0.007489878542510121	0.2823866340335849	-1.114862	1.114862	1.0497177	-1.0444968	-1.0921301	-1.0213246	-1.0348732	1.0480603	1.0046128	-1.0371027	-1.114862	0.22750472	0.16132522	0.09930793	0.51306	0.41315407	0.30630332	0.9289275	0.2568654	0.05258374			
HDAC2_8785	84577	hdac2	0.001430615164520744	0.26900881476314287	-1.0532775	1.0532775	-1.0375034	-1.0494581	-1.0270377	-1.0291097	-1.025806	-1.0004603	-1.0191189	-1.0191344	-1.0532775	0.06366368	0.0038481916	0.01272434	0.0012346909	0.0494042	0.97518283	0.22738124	0.12167898	0.025058543			
HEXA_8797	300757	hexa	0.04055431016914612	0.4239511406804206	-1.0702211	1.0702211	1.002581	-1.0221909	-1.0354642	-1.0301324	-1.0529386	1.0113034	-1.0123283	-1.0114315	-1.0702211	0.9337741	0.22356777	0.250342	0.2688211	0.16234162	0.6062983	0.5643266	0.64713484	0.10513735			
HIST1H4A_32934	102551184	h4cl2	0.03723616089207487	0.4077312234363281	1.0608296	1.0608296	-1.0261616	1.0103599	1.0169041	-1.0200971	1.0186489	-1.0125147	1.0608296	1.0216811	1.0459137	0.1918224	0.585623	0.34043795	0.18538752	0.47057053	0.38176316	0.22446296	0.36185256	0.08202396			
HMG20B_8806	362825	hmg20b	0.001413284877851807	0.26900881476314287	-1.0952477	1.0952477	1.0050111	-1.0191927	1.0088073	-1.009507	-1.0240321	1.0107147	-1.0952477	-1.0050123	-1.088287	0.78474474	0.4167017	0.5357106	0.62898153	0.32638735	0.5453583	0.0631186	0.7740061	0.020383589			
HMGB2_8808	29395	hmgb2	0.0019833399444664813	0.28044426814756046	1.1246077	1.1246077	1.0289432	1.1050603	-1.0367333	-1.0397081	-1.0695504	-1.0386653	1.0352321	1.1223727	1.1246077	0.24960689	0.09132209	0.39754477	0.26629573	0.019239845	0.28360152	0.3225069	0.036269594	0.0013341458			
HPN_33226	29135	hpn	0.017227564102564104	0.3447138062409289	-5.1713715	5.1713715	-1.1053525	-1.3915104	-1.8669237	-5.1713715	-2.2561834	-1.9089105	-1.0622324	-2.3293104	-4.344486	0.82160115	0.23582451	0.116723314	0.009629722	0.06269803	0.10216354	0.87550265	0.10122626	5.1525893E-4	0.3	1.0	
HPS5_8825	308598	hps5	0.005354200988467875	0.2823866340335849	-1.1339086	1.1339086	1.0468985	-1.0944357	1.0486839	-1.0299603	-1.0626603	-1.0257796	1.0400939	-1.0075974	-1.1339086	0.23010433	0.22182414	0.20104791	0.57980883	0.3272357	0.54469377	0.29761365	0.86397296	0.005431918			
HTRA1_8856	65164	htra1	0.0016488046166529267	0.26900881476314287	-1.0616528	1.0616528	1.0105191	-1.0124412	-1.0114498	1.0161681	1.0124816	1.0001229	1.0430276	-1.0086056	-1.0616528	0.31066075	0.3899163	0.5020791	0.33581457	0.52747756	0.995238	0.002472656	0.41630486	0.04808408			
IARS2_8858	364070	iars2	0.018313543972630308	0.3518988601861531	-1.1767462	1.1767462	-1.0357592	-1.0456657	-1.0495582	-1.0427285	-1.0148975	-1.1767462	-1.0447137	1.0253698	-1.1426141	0.50893205	0.40673366	0.46043846	0.387166	0.74537116	0.0015199305	0.24614625	0.59696186	0.026786754			
IDH2_33002	361596	idh2	0.016757520694528568	0.33850191802947704	-1.0810232	1.0810232	-1.0059904	-1.0187068	-1.0273179	-1.0260582	-1.0236241	1.0177144	-1.0115371	-1.0363146	-1.0810232	0.7093013	0.32661954	0.09802347	0.48387516	0.29783696	0.24872026	0.81855446	0.20308745	0.06410555			
IFIT2_8867	294091	ifit2	0.006692354491989455	0.2823866340335849	-1.1154656	1.1154656	-1.0261928	-1.061606	-1.0681168	-1.0466149	-1.0443966	1.0084602	-1.0054506	-1.0562149	-1.1154656	0.58471376	0.10736691	0.0886886	0.34684968	0.2928851	0.82623893	0.883707	0.17193204	0.019548299			
IFNAR1_8872	288264	ifnar1	0.04463586530931871	0.4342783042250688	1.43143	1.43143	1.2005299	1.2592217	1.3671703	1.3209763	1.4303032	1.43143	1.3767338	1.2227417	1.0833505	0.33771655	0.22982126	0.080250055	0.1414179	0.045851607	0.044363353	0.14589916	0.23895605	0.67663586			
IGFBP3_8881	24484	igfbp3	0.010795100685073698	0.28673643100340473	-1.1300923	1.1300923	1.0215571	-1.0060368	1.0102022	1.0382962	-1.0176343	1.0550284	1.0289315	-1.04019	-1.1300923	0.592869	0.913614	0.81123704	0.1946161	0.61278754	0.15048428	0.36614022	0.4897216	0.046783924			
IKBIP_32492	314730	ikbip	0.030217566478646252	0.3950884378256762	-1.1620544	1.1620544	-1.0667999	-1.0458704	-1.0838892	-1.0798513	-1.065272	-1.1199174	-1.0187149	-1.0311978	-1.1620544	0.11212661	0.42082953	0.1545395	0.3727235	0.08806885	0.10550969	0.4809522	0.5779359	0.0515077			
ILK_8899	170922	ilk	0.015390929612148574	0.33275406393685963	-1.2734648	1.2734648	-1.0169578	-1.0340184	-1.0256884	-1.0833629	-1.0152502	1.0292441	-1.0593047	-1.0750462	-1.2734648	0.69073087	0.34734857	0.6790274	0.3986226	0.74730545	0.34228203	0.6771544	0.13102697	0.0923572			
IQGAP1_8911	361598	iqgap1	0.011963696369636964	0.29505813953488375	-1.1434386	1.1434386	-1.0079771	-1.03508	-1.0321202	-1.1241055	-1.0478827	1.0057478	-1.0606298	-1.0259246	-1.1434386	0.7893329	0.05829928	0.2540257	0.16405353	0.10321818	0.86571145	0.45352852	0.2495996	0.008275303			
ITGB5_8928	257645	itgb5	0.01946975973487987	0.3556338028169014	-1.0897299	1.0897299	-1.011878	-1.0194486	-1.0002053	-1.0507932	-1.0011196	-1.0243032	-1.0022296	-1.0030396	-1.0897299	0.49078977	0.23863661	0.9925595	0.31819132	0.9649091	0.3487158	0.94338334	0.91180116	0.053158756			
ITPR2_8931	81678	itpr2	0.024479061298806393	0.38053906833650003	-1.1060541	1.1060541	1.0095696	-1.0314963	-1.0173154	-1.03558	-1.0359443	1.0225222	-1.0957172	-1.0378326	-1.1060541	0.7161596	0.18209364	0.60992074	0.5118433	0.36725512	0.53140604	0.0973773	0.34382436	0.06317454			
JAK1_8934	84598	jak1	0.004702514823144551	0.2823866340335849	-1.0678394	1.0678394	-1.0138904	-1.002914	-1.00682	-1.0106642	-1.0200535	1.006843	-1.0025632	-1.0007535	-1.0678394	0.4610508	0.90140814	0.68878263	0.48282635	0.44574872	0.79259115	0.8966152	0.963721	0.015389924			
KDM5A_8954	312678	kdm5a	0.03628623555645652	0.40506897692233834	-1.0371382	1.0371382	-1.0026206	-1.0035939	-1.0242343	-1.0304576	-1.0296407	1.0011309	-1.0115169	-1.0191768	-1.0371382	0.8733673	0.79983073	0.20654006	0.024366993	0.05868348	0.9562633	0.3572331	0.097924896	0.064999886			
KLHL9_8972	313348	klhl9	0.028814935064935064	0.39017057733868477	-1.0944614	1.0944614	-1.0046703	1.0198374	-1.0377198	-1.0944614	-1.0769842	-1.0052265	1.0352918	1.0185969	-1.0669993	0.8019572	0.3536879	0.09471541	0.0022782104	6.132898E-4	0.88869584	0.5080002	0.40879542	0.073146924			
LAMB1_32926	298941	lamb1	0.002612540192926045	0.2823866340335849	-1.1506321	1.1506321	-1.0319625	-1.0962749	-1.0647552	-1.0791008	-1.0522598	-1.1195643	-1.0567884	-1.1506321	-1.1463407	0.14715086	0.0046756114	0.22038779	0.0194869	0.09911806	0.09352148	0.026718058	0.01681944	0.003619021			
LAMC1_8981	117036	lamc1	0.024819855884707767	0.38053906833650003	-1.0396658	1.0396658	1.0300578	-1.004476	1.003764	1.001068	1.0176607	1.023264	1.0074737	-1.0057145	-1.0396658	0.17386347	0.7920767	0.82842904	0.9716481	0.11017397	0.20061915	0.74727845	0.60641074	0.049237236			
LGALS8_8992	116641	lgals8	0.03464438557163236	0.4001800500258755	-1.1333885	1.1333885	-1.0611025	-1.0623813	-1.0642616	-1.1249379	-1.0992213	-1.0212938	-1.1333885	-1.0609454	-1.116656	0.01759521	0.08409132	0.10621577	0.10441812	0.11243551	0.5926688	0.11460261	0.029793512	0.03494725			
LIG1_8999	81513	lig1	0.012479541734860884	0.2998884842292983	-1.1579126	1.1579126	-1.0111303	1.0269172	-1.0623246	-1.094674	1.0201131	-1.0181878	1.0021254	1.0349742	-1.1579126	0.8382464	0.18734945	0.4599759	0.061237052	0.5808849	0.6956605	0.92806196	0.39571014	0.019786343			
LOC100910978_33295	100361383	ecm2	0.021923076923076924	0.35932100020329333	1.1623839	1.1623839	1.0094073	1.0005934	1.0028591	-1.0160267	1.0522872	-1.0020436	1.0387268	1.1623839	1.0713401	0.5021257	0.9825414	0.88583076	0.8825084	0.16880654	0.91273737	0.39489928	3.095211E-7	0.047980025			
LOC100911882_32291	293669	cd248	0.02689386163005543	0.38279751491263203	-1.1742479	1.1742479	-1.0027997	-1.0965203	-1.0377945	-1.0729283	-1.0104903	-1.0278616	-1.0864187	-1.0386637	-1.1742479	0.94848984	0.09125918	0.06739551	0.54366845	0.8175785	0.590092	0.05425365	0.31707868	0.0068501183			
LOC100912222_9102			0.02897693672383205	0.39017057733868477	-3.0991828	3.0991828	-1.5107497	-1.3642025	-1.3474728	-2.0022745	1.2523038	-1.332605	-3.0991828	-2.2981021	-1.6684982	0.14523835	0.17950922	0.167339	0.07042993	0.18553118	0.32515758	0.029496435	0.01009889	0.1237557	10.0	30.0	
LOC102551815_32699	24400	gnb1	0.020698051948051948	0.3556338028169014	-1.1201699	1.1201699	-1.0753448	-1.0804924	-1.1028699	-1.1201699	-1.0755787	-1.0454197	-1.0121328	-1.050215	-1.082806	0.004518622	0.010751034	0.02740185	0.022240514	0.0063032308	0.0917728	0.79281837	0.03834154	0.0620383			
LOC102555086_9117			0.004187437686939182	0.2823866340335849	-1.2017034	1.2017034	-1.0218694	-1.0536141	-1.0340314	-1.0283216	1.0031494	1.0165597	1.09015	-1.0339978	-1.2017034	0.510543	0.11901504	0.11205188	0.6684153	0.85036665	0.51930296	0.42772514	0.38087368	0.04281738			
LOXL2_9150	290350	loxl2	0.009498787388843978	0.2823866340335849	-1.1984543	1.1984543	1.0494226	-1.0457315	1.0948992	-1.032529	-1.017911	-1.0499127	-1.0070035	1.0020142	-1.1984543	0.4363781	0.42820063	0.15577683	0.7580747	0.79979104	0.48945105	0.908894	0.97266275	0.05437245			
LPGAT1_9154	679692	lpgat1	0.03498779495524817	0.4001800500258755	-1.1094693	1.1094693	-1.0451982	-1.0266293	-1.0675285	-1.0793804	-1.0647284	-1.0258898	1.0205739	-1.030924	-1.1094693	0.49011263	0.48204723	0.04072717	0.05802299	0.10305502	0.5797229	0.62976533	0.44658786	0.0056804344			
LPL_32544	24539	lpl	0.0013902681231380337	0.26900881476314287	-1.0744205	1.0744205	1.0144228	1.0143685	-1.0082364	1.0216929	-1.0223857	1.0153279	-1.0677953	-1.0192517	-1.0744205	0.5500333	0.42558795	0.6759151	0.2682079	0.28808817	0.5095593	0.037460223	0.38402295	0.006971279			
LSS_9163	81681	lss	0.04825523429710867	0.4430707876370887	-1.63334	1.63334	-1.1408409	-1.0908972	-1.1588691	-1.1078508	-1.0267377	-1.198207	-1.1046607	-1.4176012	-1.63334	0.351744	0.44236666	0.6033121	0.61369413	0.78933513	0.14108464	0.65980667	0.058129117	0.070098504			
LY96_9166	448830	ly96	0.022301871764237355	0.35932100020329333	1.1851864	1.1851864	1.120119	1.0256346	1.1423694	1.1851864	1.1024989	1.0824057	1.1801159	1.1684498	1.1074547	0.08449845	0.6473969	0.0378458	0.08402157	0.0914488	0.29310915	0.06648746	0.01587244	0.12593117			
LYN_9167	81515	lyn	0.008059641345960105	0.2823866340335849	-1.0795294	1.0795294	-1.0155598	-1.0467013	-1.0225915	-1.0500101	-1.0525348	-1.0014359	1.0006095	-1.0258008	-1.0795294	0.35752797	0.085827485	0.30897176	0.004035755	0.057587396	0.96111625	0.9889525	0.10806311	0.03772308			
MAPK1IP1L_9189	361028	mapk1ip1l	0.025206694898164954	0.38117207627898414	-1.0729581	1.0729581	-1.0069634	-1.0165569	-1.0665163	-1.0471042	-1.0448602	1.0061435	1.0470444	-1.009776	-1.0729581	0.7865993	0.50199646	0.044837616	0.082439855	0.10024124	0.83655024	0.2967767	0.6465463	0.115697056			
MAPK9_9192	50658	mapk9	0.03595368677635588	0.4034802627124382	-1.063148	1.063148	-1.013501	-1.0128454	-1.0369791	-1.063148	-1.0289574	-1.005143	-1.0032293	-1.0253457	-1.0425221	0.5073314	0.28249097	0.051200636	6.0226153E-6	0.027900808	0.7834504	0.92694527	0.044972185	0.01323006			
MAPKAPK2_9193	289014	mapkapk2	0.0047044385354878294	0.2823866340335849	-1.1074867	1.1074867	1.0095302	-1.0234717	-1.0012554	-1.0211118	-1.0444813	1.0077528	1.0083864	-1.0533366	-1.1074867	0.70207906	0.36536852	0.9570712	0.36513603	0.26245978	0.80350727	0.781051	0.10053745	0.07321984			
MCM2_9206	312538	mcm2	0.016138917262512768	0.33295899145051444	-1.1112008	1.1112008	-1.0276127	-1.0289326	-1.0325145	-1.1112008	-1.0783176	-1.0613776	1.0017755	-1.0476471	-1.077645	0.4209452	0.24745098	0.23352548	0.009855767	0.015520067	0.07485641	0.94765913	0.056438643	0.005538688			
MCM3_9207	316273	mcm3	0.0010148163182463973	0.26900881476314287	-1.1925005	1.1925005	-1.0906174	-1.0298233	1.0049464	-1.1399761	-1.0560958	-1.1210594	1.0921007	-1.0614301	-1.1925005	0.040011402	0.525458	0.8936307	0.036908515	0.16443191	0.007281634	0.15635084	0.20275989	0.00752341			
MLEC_9235	304543	mlec	0.0344686089454247	0.4001800500258755	-1.0583762	1.0583762	-1.0027664	-1.0252365	-1.0549994	-1.0494939	-1.0487902	-1.0178593	-1.0012988	-1.0166483	-1.0583762	0.8807196	0.075638324	0.085987546	0.12157249	0.018067922	0.45449975	0.9648517	0.17955118	0.087511584			
MSN_9253	81521	msn	0.03329886246122027	0.4001800500258755	-1.0510008	1.0510008	-1.0159601	-1.0230443	-1.0252757	-1.0456328	-1.0162318	-1.0209929	-1.0066316	1.0043037	-1.0510008	0.2922688	0.024686433	0.37284842	0.17249304	0.09907247	0.32434982	0.64116895	0.59983516	0.059953347			
MTFR1_9260	311403	mtfr1	0.01970933704957197	0.3556338028169014	-1.1644025	1.1644025	-1.0026572	-1.0583	-1.0104333	-1.0012945	-1.05202	-1.1105266	-1.1171668	-1.0248381	-1.1644025	0.9609581	0.40363938	0.8348584	0.98144543	0.26957902	0.14310303	0.025797667	0.6923179	0.024396772			
MVP_9266	64681	mvp	0.00884066706851517	0.2823866340335849	-1.1456298	1.1456298	1.0120317	-1.0478727	-1.0619185	-1.0370786	-1.0008194	1.0125722	1.0973731	-1.0333421	-1.1456298	0.665149	0.07205805	0.094097726	0.43323505	0.98037755	0.7012569	0.36750638	0.4595927	0.030436438			
MYL12B_32708	50685	myl12b	0.006570841889117043	0.2823866340335849	-1.051103	1.051103	-1.0056901	-1.0173231	-1.0263615	-1.0247713	-1.0164244	-1.0021833	1.0135183	-1.0098119	-1.051103	0.647847	0.07537447	0.13027431	0.23696215	0.06652311	0.89482534	0.62268883	0.30687365	0.049022052			
MYLK_9277	288057	mylk	0.00739067953192363	0.2823866340335849	-1.1652516	1.1652516	1.0671209	1.0001259	-1.0222144	1.001113	1.0214069	1.0600526	1.0186228	-1.019983	-1.1652516	0.04694795	0.99664325	0.7796759	0.98103327	0.58622384	0.1296008	0.7948674	0.47268954	0.0716169			
MYO1F_32715	314654	myo1f	0.01588271227855834	0.33295899145051444	-1.5960104	1.5960104	-1.1581441	-1.5462358	-1.5960104	-1.3195161	-1.0468205	-1.2821802	-1.0606805	-1.1179956	-1.4121485	0.23299827	0.0018298173	0.011101783	0.17546879	0.5934917	0.016941125	0.57647485	0.10331518	0.06347855			
NAA10_32633	363518	naa10	0.022249190938511326	0.35932100020329333	-1.2157661	1.2157661	-1.0153372	-1.0772172	1.0160656	1.0028051	1.0072709	-1.0285287	-1.2126442	-1.014876	-1.2157661	0.7730621	0.115716636	0.658772	0.9568734	0.9017626	0.6927713	0.10912404	0.6991989	0.14603804			
NCK1_9286	300955	nck1	0.027170582226762004	0.38279751491263203	-1.0900334	1.0900334	-1.0091509	-1.0459639	-1.0492502	-1.0878669	-1.0311061	1.0045558	-1.0369931	-1.032127	-1.0900334	0.65594274	0.062860824	0.09743255	0.16742417	0.25536183	0.89825636	0.18183719	0.2519222	0.05766138			
NCOA1_9289	313929	ncoa1	0.04879542670477746	0.4441849787160215	-1.2499139	1.2499139	1.0315795	-1.0159727	-1.0855637	-1.047986	1.0065728	-1.0128186	-1.2499139	1.0163845	-1.1822633	0.66473025	0.7206648	0.46035278	0.63202804	0.89970297	0.87531066	0.0104783075	0.75815505	0.07190703			
NDRG2_32998	171114	ndrg2	0.025666534023079984	0.38117207627898414	-1.2457969	1.2457969	1.1227238	1.0811535	1.0306994	1.0706259	1.0758392	1.0947903	-1.2457969	1.0130625	-1.0880686	0.03825648	0.18682578	0.6601248	0.20265196	0.13593322	0.12637512	0.0377936	0.7897974	0.11336497			
NFIA_9302	25492	nfia	0.006247480854494156	0.2823866340335849	-1.0731142	1.0731142	-1.019404	-1.0163524	-1.0458003	-1.0731142	-1.0456302	1.0045263	-1.0399818	-1.0208008	-1.0665824	0.33420196	0.32618293	0.040386166	0.008729112	0.03307811	0.86877424	0.06823729	0.38961023	0.03234021			
NGRN_9311	499191	ngrn	0.037293662115345426	0.4077312234363281	-1.1021887	1.1021887	-1.0058645	-1.0417225	-1.0759419	-1.0954309	-1.1021887	-1.0141889	-1.0155307	-1.025909	-1.0962197	0.88944685	0.14147314	0.23785265	0.053728346	0.036528707	0.64468056	0.59723586	0.32129836	0.001835706			
NGRN_9312	499191	ngrn	0.021487938374214473	0.35886549048589683	-1.0979558	1.0979558	-1.0390967	-1.0525717	-1.0406543	-1.0979558	-1.0710651	-1.0190433	-1.0054401	-1.0134506	-1.0842769	0.29883942	0.051981684	0.22638747	0.022339	0.0048490716	0.5227065	0.85931677	0.5065973	0.07716026			
NIT2_9320	288174	nit2	0.030352413933591362	0.3950884378256762	1.1572623	1.1572623	1.0850502	1.0563346	1.0835824	1.0845368	-1.0016136	1.128558	1.1572623	1.0603545	-1.0668684	0.16291082	0.3182124	0.17992018	0.295202	0.9744047	0.04148349	0.05810367	0.3174392	0.4057085			
NPC1_9351	266732	npc1	0.012583722346255329	0.2998884842292983	-1.1100768	1.1100768	1.0042815	-1.0504901	-1.0246524	-1.022718	1.0497555	1.02932	-1.0254112	1.0113178	-1.1100768	0.88963217	0.21409465	0.5041063	0.51079035	0.27474362	0.48674017	0.36362457	0.7910444	0.051800106			
NRP1_9366	246331	nrp1	0.011627906976744186	0.293271619404734	-1.1235818	1.1235818	-1.015902	-1.0187212	-1.0338441	-1.1122568	1.0097219	1.0030468	-1.0886612	-1.0228957	-1.1235818	0.46549967	0.2311055	0.17857021	0.07697371	0.6224165	0.94462967	0.24557738	0.36972916	0.037109286			
OXCT1_9403	690163	oxct1	0.02697342324474415	0.38279751491263203	-1.0716771	1.0716771	1.0106612	1.009268	-1.0268078	-1.0026985	-1.0345345	1.017894	-1.0716771	-1.0149456	-1.0397717	0.5247737	0.54386324	0.13078462	0.91984046	0.11842919	0.3427953	0.03785018	0.4014196	0.054831292			
OXSR1_9404	316064	oxsr1	0.018281535648994516	0.3518988601861531	-1.0842496	1.0842496	-1.0164677	-1.0596702	-1.0579803	-1.0356688	-1.061144	1.0109792	-1.0104492	-1.0696391	-1.0842496	0.4847531	0.1019001	0.08013743	0.1525766	0.09064921	0.71873254	0.8140503	0.08799968	0.012934741			
PCK1_9439	362282	pck1	0.004810583283223091	0.2823866340335849	-1.2158684	1.2158684	1.0270671	1.0542994	1.0089253	1.049206	-1.0308843	1.013896	-1.1467444	-1.0482581	-1.2158684	0.5459809	0.17851588	0.88198507	0.24921788	0.56786513	0.8631208	0.15795521	0.48515987	0.032741588			
PCOLCE_32370	29569	pcolce	0.002864743196234909	0.2823866340335849	-1.081529	1.081529	-1.0097728	-1.0254385	-1.0192796	-1.0009964	-1.016053	-1.0179647	-1.0025737	-1.0127224	-1.081529	0.53555804	0.13756394	0.4247184	0.97222656	0.45280352	0.37637383	0.89727545	0.52244425	0.028168274			
PDE1B_32328	29691	pde1b	0.03175895765472313	0.3962397010921633	-1.3092192	1.3092192	-1.067162	-1.1282104	-1.0740317	-1.0924003	-1.0641035	1.0472593	-1.3092192	-1.002794	-1.1694614	0.25256583	0.13265143	0.23353751	0.0912969	0.12583806	0.3886699	0.068503655	0.8757403	0.03548163			
PDK1_32702	116551	pdk1	0.03652418221954646	0.40559052611339286	-1.0925221	1.0925221	-1.0160164	-1.0032042	-1.039929	-1.027628	-1.0215013	1.0227417	-1.0460594	-1.0459949	-1.0925221	0.70228225	0.92164433	0.30843422	0.45571017	0.6271257	0.47004667	0.5132267	0.22037798	0.02997091			
PF4_32963	360918	pf4	0.04560912182436487	0.43482732922315087	1.0895927	1.0895927	1.0189286	1.0312815	1.0403452	1.03984	1.0617578	1.0409509	1.06633	1.0695605	1.0895927	0.56191707	0.46039066	0.3216467	0.46675518	0.15359627	0.32522094	0.30517	0.055377003	0.025959078			
PIK3R1_32562	25513	pik3r1	0.03593556381660471	0.4034802627124382	-1.059179	1.059179	-1.0135201	-1.0284824	-1.0337814	-1.0329617	-1.059179	-1.0105733	-1.0435872	-1.0144306	-1.0460508	0.41952133	0.07890704	0.103257425	0.17353232	0.0014604211	0.70634955	0.035729606	0.3637615	0.02201761			
PKIG_9488	266709	pkig	0.02788289185421231	0.38653342237113925	1.4519606	1.4519606	1.2464119	1.2153883	1.2291995	1.3080641	1.1611953	1.4519606	1.2618604	1.1898054	1.2311786	0.15922007	0.053802174	0.076881565	0.08530513	0.19072817	0.0010821968	0.0981259	0.06425663	0.105814315			
PLOD1_33035	116552	plod1	0.02033760423022168	0.3556338028169014	-1.1508005	1.1508005	1.1007816	-1.0701519	1.0922705	1.0087705	-1.0063336	1.0571982	1.0987235	1.0489583	-1.1508005	0.08570937	0.48592374	0.20958567	0.9146277	0.9219522	0.39558128	0.17208508	0.43532774	0.1259035			
PLSCR3_9509	360549	plscr3	0.029065040650406503	0.39017057733868477	-1.1380819	1.1380819	-1.0045127	-1.0806375	-1.0898685	-1.0575677	-1.0407946	-1.0255044	-1.0131907	-1.0655473	-1.1380819	0.92724377	0.1472874	0.24905501	0.3052892	0.21139534	0.482576	0.84043556	0.09887664	0.03766371			
POR_9531	29441	por	0.03403565640194489	0.4001800500258755	-1.0939337	1.0939337	-1.0157689	-1.0093607	-1.0453506	-1.0704811	-1.0768274	-1.0074118	1.0271188	-1.0117085	-1.0939337	0.39655906	0.67425424	0.1895165	0.063082166	0.0014366074	0.8173661	0.7300829	0.58191687	0.08582957			
PPARA_32870	25747	ppara	0.039698697068403906	0.42100468241042344	-1.8732562	1.8732562	1.1540297	1.1224952	-1.2188767	1.1317859	1.1519834	-1.0609432	-1.6618093	-1.10531	-1.8732562	0.41825444	0.52091485	0.51568025	0.4209664	0.4047895	0.84738797	0.15823743	0.55837864	0.10576879			
PPARG_9537	25664	pparg	0.010412494993992792	0.28673643100340473	-1.196934	1.196934	1.0515711	1.0899287	-1.0808358	1.060001	-1.0102618	1.06129	-1.1367587	-1.0610844	-1.196934	0.20757122	0.05783467	0.5464277	0.2257139	0.8458284	0.32191175	0.056742303	0.24535187	0.056951195			
PPARG_9539	25664	pparg	0.03449635324265721	0.4001800500258755	-1.2554697	1.2554697	-1.0256995	1.0749352	-1.1693898	1.0768504	1.0290306	1.0890092	-1.1694452	1.0065346	-1.2554697	0.78007436	0.3723205	0.21571238	0.35338885	0.73542905	0.37696314	0.28361297	0.9452924	0.039254352			
PRKACA_9561	25636	prkaca	0.004370282081843465	0.2823866340335849	-1.0673732	1.0673732	-1.0020491	-1.0054169	-1.0140027	-1.0088226	-1.0395927	1.0216208	-1.0420439	-1.0427341	-1.0673732	0.8968391	0.74139434	0.50789666	0.6575638	0.06264329	0.27568403	0.07630131	0.07248716	0.043169226			
PRKACB_9562	293508	prkacb	0.009449135504624045	0.2823866340335849	-1.1377746	1.1377746	-1.0781306	-1.0455241	-1.1184164	-1.0870833	-1.0683274	-1.0525026	-1.112288	-1.0478152	-1.1377746	0.12669018	0.25360093	0.060192544	0.016854592	0.1506644	0.2850308	0.080575764	0.1262238	0.05577349			
PRKAG2_9563	373545	prkag2	0.014375379631504353	0.32436361913213546	-1.0785488	1.0785488	-1.0107439	-1.0166306	-1.0344753	-1.0621254	-1.0276711	-1.0055586	-1.0425198	1.0051769	-1.0785488	0.394602	0.4164602	0.014911549	0.099866994	0.30490488	0.7224292	0.29793456	0.6281167	0.10028398			
PRKAR2B_33052	24679	prkar2b	0.0061240616357171075	0.2823866340335849	-1.0958245	1.0958245	1.0068562	1.0356097	-1.0232198	1.0501392	-1.0212951	1.0110177	-1.066491	-1.0172169	-1.0958245	0.8521777	0.22991273	0.44865754	0.34463587	0.529528	0.73599505	0.04671784	0.4780128	0.014513468			
PRKCB_9566	25023	prkcb	0.049496816594783326	0.44673509786185295	-1.114919	1.114919	-1.0112793	-1.0415483	-1.0482572	-1.114919	-1.0288132	-1.016099	-1.0576092	-1.0301329	-1.1028535	0.65530366	0.10362412	0.14633732	0.2074241	0.15848617	0.72280973	0.041901417	0.20338589	0.026284613			
PRKCD_9567	170538	prkcd	0.004673846779109937	0.2823866340335849	-1.1336901	1.1336901	1.0193902	-1.0858908	-1.0112436	-1.0093669	-1.0633532	-1.0079359	-1.0025791	1.0108596	-1.1336901	0.6818624	0.11686978	0.80711657	0.7771738	0.19167763	0.8441029	0.967305	0.80017215	0.042256802			
PRUNE_9582	310664	prune1	0.007413344019234622	0.2823866340335849	-1.2495034	1.2495034	1.0353853	1.0694629	1.1286786	1.0479736	1.1304764	1.0800097	1.1578012	1.0050383	-1.2495034	0.7297226	0.29269812	0.063378215	0.41240934	0.034745976	0.15245181	0.09903515	0.95978385	0.15330425			
PSMB8_9591	24968	psmb8	0.04439876670092498	0.4342783042250688	-1.0724005	1.0724005	-1.0422064	-1.0359037	-1.0588477	-1.0038362	-1.0285467	-1.024762	1.0162235	-1.0458231	-1.0724005	0.13032119	0.18079118	0.27840418	0.87329316	0.37101728	0.42548484	0.5538474	0.14164086	0.028493732			
PTPRK_9622	360302	ptprk	0.03058537573425157	0.3950884378256762	-1.0875412	1.0875412	-1.0357562	1.009249	-1.0327952	-1.0201952	-1.041475	-1.0012288	-1.0508482	-1.0142856	-1.0875412	0.3380744	0.7928139	0.4485453	0.51579726	0.14591049	0.9683895	0.28072146	0.6269414	0.0614625			
PYGL_9632	64035	pygl	0.01883390102183931	0.3535106554630193	-1.1305628	1.1305628	1.022352	1.0208856	-1.0263045	-1.0043226	-1.0318731	1.0240804	-1.1305628	-1.0148128	-1.0762339	0.46604824	0.19225627	0.5149699	0.82993656	0.31400004	0.54339695	0.014008001	0.42843887	0.047299013			
RAB21_9637	299799	rab21	0.010807504078303425	0.28673643100340473	-1.0715587	1.0715587	-1.0156605	-1.0221298	-1.0392594	-1.0715587	-1.0452926	-1.0190198	-1.0233545	-1.0300272	-1.0620693	0.424699	0.18665706	0.18322347	0.013375312	0.0039046179	0.40752053	0.08351897	0.0682911	0.05131793			
RAC1_9645	363875	rac1	0.02236226875381175	0.35932100020329333	-1.0740836	1.0740836	-1.0225288	-1.0401492	-1.0243298	-1.0390416	-1.0215718	-1.0030217	-1.025396	-1.0257084	-1.0740836	0.18089308	0.018538905	0.3353803	0.26688814	0.33765236	0.9032875	0.39766896	0.28269175	0.092589535			
RB1_9662	24708	rb1	0.04344228382292098	0.4335650040883074	-1.0592169	1.0592169	-1.0139621	-1.0178462	-1.0225898	-1.0592169	-1.0461215	1.0025697	-1.0343676	-1.00528	-1.0434756	0.2063195	0.09080308	0.13729797	0.041847214	2.7413457E-4	0.909522	0.38119918	0.36419055	0.010170743			
RELA_32444	309165	rela	0.0073200488003253355	0.2823866340335849	-1.087595	1.087595	1.0011958	-1.024376	-1.046472	-1.0198814	-1.0169761	-1.0089349	-1.0282876	-1.0267671	-1.087595	0.9655835	0.16566914	0.11877155	0.34708694	0.3557979	0.7881738	0.46302843	0.1561608	0.062732145			
RGD1307929_9686	303280	bltp2	0.03866396761133603	0.4183993637941006	-1.0902061	1.0902061	-1.0176945	-1.0558753	-1.034272	-1.060744	-1.0401316	-1.025008	-1.040875	-1.0520059	-1.0902061	0.50455046	0.031225577	0.37716326	0.062238652	0.15671903	0.47909456	0.46866232	0.03725279	0.18513173			
RGD1566401_32721	500717	meg3	0.027176053564395432	0.38279751491263203	-1.6813216	1.6813216	1.1594477	-1.1065326	-1.1600697	-1.0344043	-1.0242699	-1.2926761	1.001739	-1.0071104	-1.6813216	0.10953924	0.39382014	0.6224128	0.8734872	0.8081834	0.3739501	0.99021804	0.95605224	0.05722894			
RPL35_32720	296709	rpl35	0.01029678982434888	0.28673643100340473	1.036978	1.036978	-1.0091794	1.0122529	1.0086433	-1.0029027	1.0042782	-1.0119535	-1.0113194	1.0097705	1.036978	0.47885767	0.20185423	0.5669251	0.77743965	0.6181576	0.4832389	0.6645629	0.29135713	0.020146687			
RPS27A_32458	100912032	rps27a	0.00919080919080919	0.2823866340335849	1.0304589	1.0304589	-1.0114268	1.0058107	1.004496	-1.002119	1.0056441	-1.0064404	1.0104578	1.0090265	1.0304589	0.28785208	0.43037888	0.785232	0.85438013	0.40809333	0.57189655	0.55149317	0.3286956	0.014362545			
RT1-CE10_32808	414792;24977;24737;309607;414819;414270;414789;309600	rt1-ce10;rt1-cl;rt1-ec2;rt1-ce5;rt1-ce16;rt1-ce14;rt1-ce15;rt1-ce12	0.032411230388109	0.39996417105492665	-1.0591513	1.0591513	1.0410004	1.0058997	-1.0421648	-1.0147004	1.0084188	-1.0009965	1.0406879	1.0235742	-1.0591513	0.27797344	0.6949543	0.25795224	0.5399263	0.6855149	0.9787419	0.16757901	0.34045908	0.1372351			
RT1-DB1_9761	294270	rt1-db1	0.01616915422885572	0.33295899145051444	-1.1059841	1.1059841	-1.02445	-1.06464	-1.0365468	-1.1038871	-1.0742387	-1.0033032	1.032048	-1.0241295	-1.1059841	0.4363862	0.09468425	0.18214145	0.17476086	0.057535317	0.9111585	0.35785428	0.39327264	0.004724119			
RT1-N2_32930	360323	rt1-n2	0.014104660670482421	0.3216772610977765	-1.2198334	1.2198334	1.0068175	-1.0447536	-1.0809469	-1.1306726	-1.0576677	-1.0252391	-1.0357269	1.0101935	-1.2198334	0.8618867	0.5833868	0.35251236	0.12934235	0.16967326	0.7083707	0.41310355	0.87290055	0.04954879			
S100A8_9774	116547	s100a8	0.0018137847642079807	0.2747883917775091	2.1055813	2.1055813	1.3730311	1.5326405	1.6790327	1.6355363	1.849546	1.6510311	1.6479388	1.8219683	2.1055813	0.32080176	0.14389472	0.08940019	0.10502415	0.015338865	0.038909048	0.05341765	0.09770063	0.01626173	100.0	300.0	
S100A9_9775	94195	s100a9	0.02112676056338028	0.3556338028169014	1.3165281	1.3165281	1.0397125	1.186651	-1.0256999	1.1507944	1.0588726	1.1062027	1.3085476	1.2402964	1.3165281	0.62887657	0.09184444	0.81964755	0.30153394	0.54658604	0.21945296	0.068915464	0.1384561	0.0678141			
S1PR3_32754	306792	s1pr3	0.03414935198518823	0.4001800500258755	-1.1478293	1.1478293	-1.027191	-1.036653	-1.0378989	-1.0654436	-1.0445665	-1.050122	-1.0351365	-1.0896791	-1.1478293	0.5965344	0.52026623	0.4732874	0.380212	0.27650195	0.2325533	0.4774843	0.10544884	0.07338898			
SARS_9779	266975	sars1	0.043337383556095586	0.4335650040883074	-1.1435906	1.1435906	-1.0444771	-1.0686111	-1.0132709	-1.071769	-1.0503763	-1.0650508	-1.0997136	-1.1060885	-1.1435906	0.3387378	0.10620897	0.7043806	0.0884485	0.31145638	0.3832438	0.09170982	0.16279788	0.16337407			
SDHA_9796	157074	sdha	0.006374501992031873	0.2823866340335849	-1.0363829	1.0363829	1.0133821	1.0070549	-1.0059181	1.0195295	-1.0154903	1.0180883	1.0006636	-1.003822	-1.0363829	0.19151974	0.43454742	0.48065296	0.33855557	0.36482647	0.15281563	0.9691388	0.74078286	0.011010745			
SEC11C_9799	266758	sec11c	0.0467701744297489	0.43482732922315087	-1.1132605	1.1132605	-1.0179645	-1.0076306	-1.0281484	-1.1132605	-1.0338203	-1.0226417	-1.0075958	1.0006934	1.0351913	0.27717227	0.62512344	0.4934789	0.120810986	0.04422471	0.2070634	0.7873957	0.95205307	0.19442011			
SLC22A5_9846	303140;29726	slc22a21;slc22a5	0.019592321393231745	0.3556338028169014	2.1551135	2.1551135	1.7051233	1.8435199	1.834997	1.3141344	1.9223989	1.9030108	2.1551135	1.6937352	1.7245512	0.04953179	0.020441322	0.03307542	0.57274973	0.025827374	0.057057075	0.004559654	0.057701577	0.0524421	10.0	30.0	
SLC27A3_9861	295219	slc27a3	0.045436817472698905	0.43482732922315087	-1.1474103	1.1474103	-1.0218163	-1.0608594	-1.0224466	1.0952859	-1.0475882	-1.0757266	-1.0767941	-1.0864205	-1.1474103	0.45946485	0.19774081	0.7644212	0.38186982	0.22855386	0.2483414	0.13545781	0.020603744	0.0038885735			
SMAD3_9891	25631	smad3	0.04672708962739174	0.43482732922315087	-1.1101315	1.1101315	1.0163318	-1.0666801	-1.0161989	-1.0549428	-1.0245068	1.0029536	-1.0849702	1.0076404	-1.1101315	0.7172149	0.17628027	0.67337126	0.49479437	0.38412136	0.9391005	0.05783126	0.7715618	0.074174136			
SMARCA4_9894	171379	smarca4	0.04874651810584958	0.4441849787160215	-1.076539	1.076539	1.0052071	-1.009441	-1.0223844	-1.0242733	-1.076539	-1.0025766	1.0258646	-1.0071379	-1.0571843	0.7739514	0.42025158	0.41082138	0.27786744	0.005636183	0.87508875	0.656919	0.49905625	0.037511222			
SMN1_9902	64301	smn1	0.042028692665184886	0.4327323162274619	-1.0734038	1.0734038	-1.0583775	-1.0536317	-1.0452632	-1.0674587	-1.032804	-1.0012561	-1.0273312	-1.0005854	-1.0734038	0.13066	0.01929079	0.18551557	0.02717798	0.2390309	0.9710387	0.5054848	0.98145044	0.049034674			
SORBS3_9916	282843	sorbs3	0.042463272288186756	0.4335650040883074	-1.0895673	1.0895673	1.0185959	-1.0056523	-1.0124571	-1.0399745	1.0052606	1.0173591	1.0499188	-1.028853	-1.0895673	0.48287225	0.858859	0.7419093	0.31920418	0.83429784	0.64243376	0.5326519	0.41063902	0.10509056			
SRD5A3_9939	305291	srd5a3	0.008093889113719142	0.2823866340335849	-1.109749	1.109749	-1.0523752	-1.0355945	-1.0396504	-1.1057788	-1.0681614	-1.0253338	1.0217106	-1.0432241	-1.109749	0.08897301	0.26907203	0.11137609	0.06474086	0.030731793	0.5979796	0.62827575	0.11684904	0.012458885			
STAT1_9957	25124	stat1	0.03833167825223436	0.4169307157589184	-1.1368605	1.1368605	1.112235	-1.1010689	1.0436118	1.1170808	-1.0043191	-1.0014263	1.0162103	-1.1368605	-1.0810649	0.054132715	0.283099	0.21875605	0.014448956	0.9112138	0.9792448	0.8231283	0.2146792	0.13683204			
STAT3_9959	25125	stat3	0.00876120619396903	0.2823866340335849	-1.0658181	1.0658181	-1.020354	-1.0370795	-1.0306901	-1.0611937	-1.0412315	-1.0004165	-1.0036905	-1.0017396	-1.0658181	0.26890182	0.068524584	0.22502126	0.0014437618	0.03771968	0.98515123	0.84795195	0.8795259	0.0690951			
STAT5B_9960	25126	stat5b	0.03344682555577809	0.4001800500258755	-1.0648474	1.0648474	1.0641862	1.0181422	1.0074252	1.0334135	1.0462912	1.0592625	-1.039988	1.0058318	-1.0648474	0.051382404	0.5562291	0.81574225	0.20027941	0.11565299	0.09101255	0.65956295	0.82677114	0.04982191			
STK10_9962	29398	stk10	0.024876644736842105	0.38053906833650003	-1.1884444	1.1884444	-1.0415703	-1.0138867	-1.049594	-1.173356	-1.0313004	-1.0588117	-1.1884444	-1.0968033	-1.1632673	0.40882573	0.710934	0.25520608	0.08734962	0.39159608	0.25783432	0.082829915	0.15992124	0.022281682			
STX4_9967	81803	stx4	0.009585967774831736	0.2823866340335849	-1.0959512	1.0959512	1.0088116	-1.0108505	1.0245444	1.0036014	-1.0358982	1.0506316	1.0376844	-1.0033563	-1.0959512	0.8314897	0.7308758	0.13240865	0.91616434	0.34503618	0.18269315	0.40508485	0.8571439	0.0015151732			
SULT1C3_9971	65185	sult1c3	0.030845771144278607	0.3950884378256762	-2.0355613	2.0355613	-1.4261168	-2.0355613	-1.376566	-1.2104958	1.0883619	-1.7579154	-1.0411576	-1.1695621	-1.8519292	0.13659076	0.0891477	0.15903732	0.40162203	0.7176999	0.12415611	0.83650964	0.47536	0.056661148			
SYTL2_32351	361604	sytl2	0.031465692245229396	0.3962397010921633	1.1551934	1.1551934	1.1438334	1.0260009	1.0229061	1.109674	1.0629909	1.1469394	1.1551934	1.0441941	-1.1214463	0.035283156	0.7604305	0.75876456	0.16598971	0.39519164	0.1578718	0.030720236	0.5291818	0.30622268			
TBPL1_9987	689030	tbpl1	0.010815141197676747	0.28673643100340473	-1.17749	1.17749	-1.0108074	-1.1167575	-1.00673	-1.0977901	-1.0433114	-1.0910386	1.0836134	-1.0817627	-1.17749	0.7730986	0.12483178	0.8507142	0.085162826	0.41091585	0.1998764	0.36990276	0.1758742	0.0062022177			
TCERG1_9992	307474	tcerg1	0.01835985312117503	0.3518988601861531	-1.0427191	1.0427191	-1.0142572	-1.0084801	-1.0238665	-1.038806	-1.0285008	1.0015031	-1.0196837	-1.0248797	-1.0427191	0.39757997	0.41332766	0.26272467	0.008489253	0.033470575	0.9194303	0.33243778	0.11699453	0.067120925			
TCF4_32341	84382	tcf4	0.0044742729306487695	0.2823866340335849	-1.06861	1.06861	-1.0102329	-1.0241755	-1.005318	-1.0133389	-1.0000459	1.0274935	-1.0248975	-1.0152724	-1.06861	0.50824594	0.2548336	0.5664397	0.649671	0.9977342	0.2498396	0.06285392	0.3474749	0.01931522			
TCTN1_9996	304486	tctn1	0.008161599673536014	0.2823866340335849	-1.2154305	1.2154305	-1.0242021	-1.0975748	-1.0627956	-1.0544882	-1.0790795	-1.1051118	1.0093409	-1.0235541	-1.2154305	0.70745814	0.09759354	0.338115	0.179355	0.0889325	0.25539175	0.9050614	0.62055486	0.025697434			
TGFBR2_10008	81810	tgfbr2	0.0014300306435137897	0.26900881476314287	-1.1441127	1.1441127	1.0093762	-1.0512254	-1.0534415	-1.0391471	-1.0481818	-1.0185753	-1.021373	-1.0564511	-1.1441127	0.7145964	0.067828014	0.23641041	0.059643865	0.13866033	0.7551997	0.5261972	0.16658874	0.014129803			
TIMP2_10023	29543	timp2	0.04334170854271357	0.4335650040883074	-1.1053555	1.1053555	1.0229588	-1.0354527	-1.0205189	-1.0681418	1.0030551	-1.0154148	-1.0302538	-1.0217702	-1.1053555	0.24382946	0.15093787	0.35585955	0.51219106	0.87671953	0.5143771	0.20856507	0.14799072	0.021033337			
TM7SF2_10031	293688	tm7sf2	0.021906453522794554	0.35932100020329333	-1.1775665	1.1775665	-1.0493845	-1.0690272	-1.1370223	-1.1775665	-1.1463886	-1.0645725	-1.0829846	-1.0138402	1.05273	0.51356035	0.11856291	0.05643184	0.0012609387	0.08238243	0.27326304	0.3669051	0.665577	0.12781823			
TNFRSF1A_32996	25625	tnfrsf1a	0.019852640196479737	0.3556338028169014	-1.3569733	1.3569733	1.0982714	-1.0717007	-1.203471	-1.1417449	-1.0321003	1.0772706	1.0390806	-1.0369338	-1.3569733	0.115292326	0.3625346	0.21997558	0.1251674	0.56991273	0.36713916	0.5891124	0.38437378	0.23175225			
TNIP1_10051	363599	tnip1	0.04664141917480566	0.43482732922315087	-1.0602711	1.0602711	1.0027156	-1.0293816	-1.0426612	1.0126715	-1.039396	1.0277908	1.0352422	-1.0295923	-1.0602711	0.8748155	0.113661826	0.012443371	0.6524368	0.10506721	0.24162038	0.5697571	0.16147543	0.02103672			
Topbp1_34126	315969	topbp1	0.0032342834040832826	0.2823866340335849	-1.1719993	1.1719993	-1.0382855	-1.0520481	-1.1049602	-1.1637175	-1.141572	-1.0575882	-1.0052935	-1.1556616	-1.1719993	0.31135398	0.050907344	0.07386664	0.027275281	0.033119448	0.10966265	0.8425457	0.011566136	0.012564796			
TUBA1C_32945	64158;300218	tuba1a;tuba1c	0.04622773664198519	0.43482732922315087	-1.1794158	1.1794158	-1.0645564	-1.098501	-1.0531248	-1.1118509	-1.074159	-1.1794158	1.0122954	-1.0720892	-1.0618337	0.01359158	0.017366083	0.08952019	3.5876367E-4	0.19978563	0.0063702557	0.8261513	0.0031377543	0.046919156			
TUBB1_33036	679312	tubb1	0.04364364364364364	0.4335650040883074	1.5459132	1.5459132	-1.2493987	1.4824564	-1.3597745	1.029456	1.330448	1.2645271	-1.1759802	1.2504306	1.5459132	0.51087433	0.09615566	0.44506764	0.9448186	0.27327427	0.35002273	0.705409	0.44980273	0.09257029			
TUBG1_10107	252921	tubg1	0.015805471124620062	0.33295899145051444	-1.0921934	1.0921934	-1.0501081	-1.0490485	-1.0503842	-1.0543376	-1.0730139	-1.0755568	-1.0085895	-1.0225495	-1.0921934	0.021169052	0.142299	0.012067112	0.01104318	0.081390955	0.0819671	0.8861313	0.31257424	0.02596957			
UCP1_32389	24860	ucp1	8.067769261799112E-4	0.26900881476314287	-1.7558692	1.7558692	1.0142894	1.1270428	-1.1547533	1.0702232	1.0192482	1.0731239	-1.3111132	-1.1086891	-1.7558692	0.8887563	0.23000044	0.36600506	0.33708915	0.82823247	0.36393696	0.07668551	0.32056555	0.06018825			
UGGT2_33061	361091	uggt2	0.011752988047808765	0.293271619404734	-1.1433374	1.1433374	-1.0293193	-1.0419075	-1.0257454	-1.0909528	-1.045256	-1.0407617	-1.0786276	-1.0564836	-1.1433374	0.50411206	0.33856052	0.3341701	0.05267928	0.12944053	0.19528571	0.13230594	0.3564947	0.09263413			
USP22_10140	303201	usp22	8.075913587724611E-4	0.26900881476314287	-1.1215636	1.1215636	-1.0487453	-1.0209049	-1.0732986	-1.0824232	-1.0691991	-1.0089401	-1.0596449	-1.0501177	-1.1215636	0.09444289	0.44384706	0.104335725	0.035310388	0.060408786	0.7624976	0.03643336	0.19152842	0.013350372			
USP6NL_10141	291309	usp6nl	0.011222444889779559	0.2925399858563669	-1.3501134	1.3501134	-1.1595622	-1.2438283	-1.2419736	-1.1483533	-1.0753976	-1.08008	-1.1940653	-1.3501134	-1.2014612	0.26726663	0.0064504254	0.009842741	0.027914153	0.15170273	0.39587262	0.018171573	0.027237905	0.008741886			
USP7_10142	360471	usp7	0.024405250205086135	0.38053906833650003	-1.0625063	1.0625063	-1.0078585	-1.0260459	-1.0180104	-1.0607783	-1.0259268	1.0080239	-1.0335617	-1.019186	-1.0625063	0.7434877	0.29539236	0.3912272	0.031431653	0.13304423	0.69345546	0.17950377	0.35086706	0.11158357			
VAMP2_10146	24803	vamp2	0.020282362298667728	0.3556338028169014	-1.0957631	1.0957631	1.0167935	-1.0443705	-1.0287839	-1.0557243	-1.0352354	1.0052209	1.0400374	-1.0378357	-1.0957631	0.44918147	0.22893268	0.11531228	0.15459622	0.1942086	0.7497414	0.5509448	0.2517165	0.11803927			
VAV1_33194	25156	vav1	0.04975124378109453	0.4471003705862758	-1.1598785	1.1598785	-1.020595	-1.0098792	-1.0323567	-1.1598785	-1.0747625	-1.0592617	1.0010203	1.0319695	-1.1594192	0.7126687	0.8381082	0.37977472	0.18912613	0.20058894	0.14935605	0.98850805	0.49533197	0.013541379			
VLDLR_32971	25696	vldlr	0.003602882305844676	0.2823866340335849	-1.1964177	1.1964177	1.0113101	-1.0260273	1.0072726	-1.0508264	-1.0078143	-1.023488	-1.0165062	-1.0195099	-1.1964177	0.8512354	0.42330348	0.8565397	0.57258195	0.8798847	0.6315292	0.67654055	0.5553103	0.0038841295			
WDTC1_10172	313020	wdtc1	0.030248033877797943	0.3950884378256762	-1.0582215	1.0582215	-1.0219362	-1.052552	-1.0392128	-1.0375183	-1.0463392	-1.0474385	-1.0392786	-1.0239682	-1.0582215	0.24423943	0.040754825	0.059869036	0.1746672	0.008783221	0.120953314	0.117942005	0.39237708	0.0471308			
XDH_10180	497811	xdh	0.02860670919942375	0.39017057733868477	-1.0387481	1.0387481	1.0181563	-1.0207288	-1.023009	-1.015394	-1.0233452	1.0030545	1.0141578	1.0139732	-1.0387481	0.16830344	0.3008249	0.3840821	0.31875932	0.13780393	0.9060901	0.48761958	0.28271213	0.058289804			
XPO1_32314	85252	xpo1	0.010586319218241042	0.28673643100340473	-1.1578118	1.1578118	-1.0502275	-1.0357515	-1.0741569	-1.1392714	-1.0689697	-1.0418084	-1.1578118	-1.0764728	-1.0514674	0.110479414	0.11211457	0.02956263	0.0051819356	0.023082392	0.14338902	0.051575735	0.0029567748	0.09199066			
YTHDF1_10190	296467	ythdf1	0.0016376663254861821	0.26900881476314287	-1.1896715	1.1896715	1.0197248	-1.0270472	-1.0078392	-1.0126168	-1.0412498	1.0180683	-1.0898044	-1.0265881	-1.1896715	0.5147174	0.38284612	0.7455952	0.78603715	0.30424145	0.61412656	0.2381085	0.35624728	0.04032013			
YWHAB_10191	56011	ywhab	0.007923608289313287	0.2823866340335849	-1.0691314	1.0691314	1.0004443	-1.0023052	-1.0399538	-1.0046166	-1.0197399	1.0014951	-1.0158641	-1.0143505	-1.0691314	0.9713899	0.87268186	0.20089296	0.747686	0.25611222	0.92462	0.49227235	0.4460161	0.058231182			
YWHAZ_10194	25578	ywhaz	0.011693548387096775	0.293271619404734	-1.07021	1.07021	1.0018591	-1.0212802	-1.0235227	-1.0112277	-1.0137374	-1.0004385	-1.0048227	-1.0230294	-1.07021	0.89898026	0.23167044	0.33177087	0.3829153	0.45913878	0.9847388	0.912087	0.2235559	0.057222288			
ZEB2_33022	311071	zeb2	0.005465587044534413	0.2823866340335849	-1.1442413	1.1442413	-1.015404	-1.0471741	1.0132449	-1.0254749	1.0439541	1.0382948	1.0030481	-1.0481384	-1.1442413	0.5671781	0.068856254	0.7067149	0.51825494	0.073481455	0.28114468	0.937263	0.3455	0.0812081			
ZMIZ1_10210	361103	zmiz1	0.040217172732756885	0.4239511406804206	-1.0519679	1.0519679	1.0054653	-1.012467	-1.0213732	-1.0166628	-1.0390658	1.013485	1.0033445	-1.0218731	-1.0519679	0.7906156	0.29072276	0.1769114	0.58911943	0.20232673	0.46858242	0.90622824	0.11900869	0.032681547			
