Williams Trend Test
Data Source: P2_Perfluoro_3_methoxypropanoic_acid_Female_Uterus_NoOutlier-expression1
Work Source: null
BMDExpress3 Version: BMDExpress 3.20.119 BETA
Timestamp (Start Time): 12/14/2025 07:29.41
Number of Permutations: 10000
Unadjusted P-Value Cutoff: 0.05
Multiple Testing Correction: false
Filter Out Control Genes: true
NOTEL/LOTEL Test: T-Test
NOTEL/LOTEL p-Value Threshold: 0.05
NOTEL/LOTEL Fold Change Threshold: 2.0
Total Run Time: 16 seconds

Chip: BioSpyder S1500_Rat
Provider: BioSpyder

=== Experiment Description ===
Experiment Type: in vivo
Test Article: Perfluoro-3-methoxypropanoic acid | CAS: 377-73-1 | DSSTOX: DTXSID70191136
Subject Type: in vivo
Species: rat
Strain: Sprague-Dawley
Sex: female
Organ: uterus
Article Route: oral
Article Vehicle: feed
Administration Means: dietary
Study Duration: 28d
Platform: BioSpyder S1500+ Rat
Provider: BioSpyder
Article Type: chemical
Chip File Creation Date: 10/31/24
Log Transformation: NONE
BMDExpress3 Version: BMDExpress 3.20.119 BETA
Timestamp: 12/14/2025 07:06.33

Probe ID	Gene ID	Gene Symbol	Unadjusted P-Value	Adjusted P-Value	Max Fold Change	Max Fold Change Unsigned	FC Dose Level 1	FC Dose Level 2	FC Dose Level 3	FC Dose Level 4	FC Dose Level 5	FC Dose Level 6	FC Dose Level 7	FC Dose Level 8	FC Dose Level 9	NOTEL/LOTEL T-Test p-Value Level 1	NOTEL/LOTEL T-Test p-Value Level 2	NOTEL/LOTEL T-Test p-Value Level 3	NOTEL/LOTEL T-Test p-Value Level 4	NOTEL/LOTEL T-Test p-Value Level 5	NOTEL/LOTEL T-Test p-Value Level 6	NOTEL/LOTEL T-Test p-Value Level 7	NOTEL/LOTEL T-Test p-Value Level 8	NOTEL/LOTEL T-Test p-Value Level 9	NOTEL	LOTEL
AATF_32691	114512	aatf	0.04258412962193602	0.8693920173267327	-1.1417998	1.1417998	1.0420889	1.0030527	1.0094241	-1.0142496	-1.0331491	-1.0011579	1.0285085	-1.0023568	-1.1417998	0.23229621	0.9631661	0.79371506	0.6773261	0.58497304	0.9819813	0.3590413	0.9439629	0.27230182			
ABCG8_7948	155192	abcg8	8.257638315441783E-4	0.2696708741299988	-Infinity	Infinity	2.3432934	2.0905762	3.3577447	4.438412	2.219034	3.3875442	-Infinity	-1.1331432	10.068226	0.50251937	0.5514881	0.12903892	0.15255319	0.5309779	0.23529689	0.35061666	0.9314187	0.026933618	100.0	300.0	
ACAA1A_7954	24157;501072	acaa1a;acaa1b	0.04826368452030606	0.8693920173267327	1.1786203	1.1786203	1.032234	-1.0080444	1.0576985	1.0032566	1.1233479	1.0380903	1.0652304	1.0269611	1.1786203	0.59738386	0.9100767	0.5508623	0.9620924	0.05501097	0.65843004	0.44291767	0.6806592	0.07828651			
ACADL_32776	25287	acadl	0.006818624586012079	0.7562441418095606	1.303506	1.303506	1.0624187	1.0322605	1.0930176	1.0918839	1.0643059	1.0842731	1.0614052	1.1176646	1.303506	0.36835337	0.77426714	0.40302518	0.28413352	0.42269385	0.42502153	0.49672827	0.22265376	0.028821757			
ACMSD_32377	171385	acmsd	0.019695431472081217	0.8495048367014654	4.7234206	4.7234206	1.6674397	2.1222308	1.2249638	2.4585772	2.3398209	2.1520073	2.3729854	4.0472093	4.7234206	0.6019491	0.2202236	0.82673645	0.21441676	0.3070299	0.27315924	0.25835997	0.0053532207	0.25384107	30.0	100.0	
ADO_7995	309732	ado	0.020925553319919517	0.8614516083160318	-1.706483	1.706483	1.0306252	1.0298963	-1.0729185	-1.0163226	-1.076022	1.0504887	1.0699977	-1.0289271	-1.706483	0.84904385	0.7683932	0.6685011	0.90241504	0.67782515	0.7034792	0.611524	0.80010915	0.024134168			
AHR_32572	25690	ahr	0.024645110410094637	0.8693920173267327	1.0708704	1.0708704	-1.0013839	-1.0392534	1.0042076	1.006188	-1.0149926	1.0441787	1.0366242	1.0171372	1.0708704	0.96777827	0.25967708	0.91106766	0.8262385	0.6666249	0.16545096	0.24499436	0.6046436	0.03378477			
AKR1B8_8013	286921	akr1b8	0.04277967463346054	0.8693920173267327	-1.3996227	1.3996227	-1.3996227	-1.0977397	1.0088226	-1.0875787	-1.1213428	1.0096816	-1.020871	-1.0096558	1.1414063	0.0065214415	0.23191302	0.9282903	0.42875856	0.17794114	0.9048466	0.8372077	0.9307716	0.24870059			
AKT2_32310	25233	akt2	0.028810589838427096	0.8693920173267327	1.3754038	1.3754038	1.2134728	1.0047847	1.3003298	1.1811649	1.2687098	1.2278936	1.212103	1.2915409	1.3754038	0.21290195	0.98011625	0.059866186	0.25630525	0.094123945	0.17228347	0.21167786	0.17426416	0.018998222			
ALDOC_8034	24191	aldoc	0.03827160493827161	0.8693920173267327	1.4073822	1.4073822	1.0597806	1.1164136	-1.0337846	1.2496909	1.2836988	1.0748669	1.1164992	1.1648453	1.4073822	0.44443306	0.49481592	0.6283988	0.19804963	0.19273598	0.26849934	0.10458519	0.07678465	0.1485805			
AMY2A3_8042	497039;103689940	amy2a3;loc103689940	0.0032733224222585926	0.6802559142984675	4.2028866	4.2028866	-1.1294706	2.3842278	-1.3332039	1.5040286	-1.6481371	1.7507963	2.2755792	1.4479755	4.2028866	0.8818091	0.25761917	0.7802541	0.5249174	0.5099818	0.2976048	0.17629881	0.66879	1.7058259E-4	100.0	300.0	
ATF6_8098	304962	atf6	0.0481951606505355	0.8693920173267327	1.0536212	1.0536212	1.0103685	1.0167004	1.0342573	1.0335343	1.026893	1.0419655	1.0513936	1.0492576	1.0536212	0.66879374	0.43112502	0.106322534	0.26622072	0.34632772	0.10210939	0.01614207	0.05905393	0.061653238			
B3GNT1_8122	293667	b4gat1	0.006947124662292551	0.7562441418095606	2.4541757	2.4541757	1.8978963	2.2726731	1.4692106	1.715729	2.1082387	1.806556	2.0983236	1.2997885	2.4541757	0.15856263	0.009112036	0.45163053	0.06861018	0.003819955	0.045271885	0.06075422	0.44982424	0.006958902	0.01	0.1	
BHLHE40_8141	79431	bhlhe40	0.03321924703040065	0.8693920173267327	-1.1298327	1.1298327	-1.1298327	-1.0457635	1.0543262	1.0336852	-1.035488	1.022082	1.0081004	-1.0015432	1.0853546	0.043507043	0.41629905	0.18928999	0.41995615	0.69355	0.70353377	0.8590303	0.9723932	0.04820245			
BUB1_8163	296137	bub1	0.03863591563177607	0.8693920173267327	1.9506617	1.9506617	1.3743156	1.4437264	1.4595227	1.4334356	1.2437961	1.5356934	1.6375169	1.5866725	1.9506617	0.43117383	0.2204991	0.3486349	0.1859502	0.5253047	0.10232035	0.06707017	0.06918511	0.0050722845			
C3_8175	24232	c3	0.019423307969563475	0.8495048367014654	-1.275291	1.275291	-1.275291	-1.1437484	1.0769874	1.1232955	-1.0561099	1.0849407	1.0468994	-1.0539699	1.2496002	0.05574651	0.477735	0.3465076	0.28771746	0.69554436	0.5249093	0.72097707	0.68628365	0.006799996			
CASP9_8204	58918	casp9	0.019042232277526393	0.8495048367014654	1.2298195	1.2298195	1.1996126	1.1780746	1.0845703	1.1355414	1.1730629	1.1519637	1.1805282	-1.0044779	1.2298195	0.05543754	0.08031514	0.49250522	0.18242499	0.1000348	0.17145607	0.102752954	0.9738619	0.06590827			
CAST_8205	25403	cast	0.036342089670156036	0.8693920173267327	1.0333481	1.0333481	1.0024812	1.001678	1.0193375	1.013455	1.0253977	1.0091294	1.012303	1.0263844	1.0333481	0.8628731	0.8882583	0.21536541	0.30348876	0.06956325	0.460096	0.4562244	0.050945036	0.1596169			
CCT7_8237	297406	cct7	0.019450571485863245	0.8495048367014654	-1.0705005	1.0705005	1.0226095	1.0049336	1.0236913	1.0035678	1.0064903	1.0377879	1.0499291	1.046809	-1.0705005	0.15488406	0.8760284	0.37897685	0.8902587	0.8313181	0.0349992	0.026470317	0.18529008	0.16480425			
CD300A_32694	501736	cd300a	0.0343663090981327	0.8693920173267327	-2.796094	2.796094	-2.796094	1.3570611	1.3605092	1.601246	-1.0710424	-1.0581645	-1.0228919	1.1959085	1.5575457	0.07805519	0.2962375	0.4210853	0.0872032	0.8263036	0.8916641	0.9327937	0.52431446	0.15837169			
CDH1_8262	83502	cdh1	0.011611887423735485	0.8495048367014654	1.2380382	1.2380382	1.0374247	1.0747309	1.1915936	1.2380382	1.1286054	1.181625	1.2149873	1.1960387	1.2285639	0.6935512	0.41546273	0.054683153	0.07023153	0.28346738	0.069894455	0.043830562	0.04971966	0.027245749			
CDH3_8263	116777	cdh3	0.0450652528548124	0.8693920173267327	-1.1396219	1.1396219	1.0916069	-1.0180272	-1.0213058	-1.0770363	-1.134468	-1.0673184	1.036508	-1.1000171	-1.1396219	0.17803894	0.7308666	0.72408956	0.43964133	0.13403808	0.20745797	0.47094503	0.18130602	0.21461138			
CHCHD4_8302	312559	chchd4	0.04454957618766016	0.8693920173267327	-1.1561443	1.1561443	-1.0789448	-1.1099402	-1.0136211	-1.011083	-1.0413654	1.0655997	1.0369129	1.0226146	-1.1561443	0.21721597	0.07229935	0.81849396	0.8361426	0.39558306	0.07028983	0.47451815	0.6839126	0.00165827			
CHP1_33118	500462;64152	chp1l1;chp1	0.03670456812288051	0.8693920173267327	1.2332827	1.2332827	1.0557916	1.1090502	1.1343695	1.116434	1.1171966	1.103416	1.171919	1.2332827	1.1481498	0.52155846	0.15708846	0.040257238	0.1347264	0.2783946	0.05135767	0.055333845	0.004056646	0.17773052			
CLDN4_8328	304407	cldn4	0.022659511031604056	0.8693920173267327	1.4900237	1.4900237	1.2201225	1.1052977	1.2408528	1.2533107	1.2839363	1.3629762	1.0808377	1.4900237	1.2672986	0.15145957	0.4090339	0.06458031	0.067732766	0.09344134	0.0069037694	0.71244174	0.011648951	0.033691682			
CLTC_8337	54241	cltc	8.110300081103001E-4	0.2696708741299988	-1.053291	1.053291	1.0245945	-1.0042466	-1.0164788	-1.002326	-1.0106543	-1.0012097	-1.0206267	-1.0202832	-1.053291	0.005616812	0.80614316	0.19949068	0.9043669	0.48687026	0.9254966	0.18427943	0.18675302	0.0016039645			
CMBL_32468	310201	cmbl	0.030408163265306123	0.8693920173267327	-1.9798642	1.9798642	1.2020178	-1.0607919	-1.2992195	-1.3963493	1.0506912	-1.030118	-1.1432384	-1.0962652	-1.9798642	0.2705757	0.7805843	0.262777	0.21235159	0.7974718	0.8669155	0.5898168	0.72769016	0.090080366			
COL14A1_8350	314981	col14a1	0.008830022075055188	0.8410596026490066	-1.1419173	1.1419173	1.0112125	1.0326135	-1.0572058	-1.0022715	1.0452967	-1.0685468	-1.0320086	-1.0118	-1.1419173	0.8470304	0.42697248	0.16232014	0.94282794	0.29932922	0.07357024	0.49196854	0.8481443	0.0018610461			
COLQ_8358	29755	colq	0.022677102147300822	0.8693920173267327	3.815452	3.815452	3.0033672	1.7660542	1.788931	2.457424	1.542568	2.8026314	2.1595037	2.7797258	3.815452	0.01620067	0.36083904	0.4957226	0.08892277	0.52466846	0.055779245	0.25017765	0.19855988	0.009515482	0.0	0.01	
CREG1_8380	289185	creg1	0.006656958602038693	0.7562441418095606	1.0969058	1.0969058	-1.0868974	-1.0728935	1.063102	1.0645313	-1.0250736	1.0053391	1.030752	1.0300717	1.0969058	0.02360129	0.10540901	0.30487052	0.026299696	0.5195943	0.8489456	0.224289	0.4301461	0.12837851			
CYP11A1_32785	29680	cyp11a1	0.0078125	0.806093303713107	-1.8040279	1.8040279	-1.3941765	-1.3307729	-1.5031594	-1.5672461	-1.4575946	-1.8040279	-1.3575951	-1.1801364	-1.2424152	0.0015400308	0.030241128	0.0044442695	3.4733256E-4	0.021790465	2.1447495E-5	0.016444689	0.24908295	0.3802376			
CYP11B3_34118	353498;500892	cyp11b3;cyp11b1	0.03034005294237426	0.8693920173267327	-2.5413814	2.5413814	-1.7481501	-1.2141604	-1.2935721	-2.5413814	-1.9529464	-1.5455121	-1.818903	-2.292547	-1.2484105	0.058378432	0.31408492	0.18551904	0.001310876	0.0132586835	0.00525438	0.033124164	7.6661917E-4	0.6227865	0.3	1.0	
CYP2B1_32451	24300	cyp2b1	0.018090452261306532	0.8495048367014654	-4.0071635	4.0071635	2.0460114	1.0432146	-1.320752	-4.0071635	-1.2033165	-2.4117944	-1.7134662	1.0475203	-1.1652483	2.3659365E-4	0.9027089	0.27607065	0.0087800305	0.60680133	0.037095025	0.20595026	0.86757064	0.5935712	0.0	0.01	
CYP2C11_32593	29277	cyp2c11	0.0040104271104872665	0.7052181826595301	3.2212448	3.2212448	1.143997	1.815138	-1.9545838	-1.1478536	-1.2119462	1.3129431	1.5869159	2.5951548	3.2212448	0.72958887	0.31243724	0.36305967	0.8481426	0.7043303	0.6058013	0.24980335	0.039829176	0.003595014	30.0	100.0	
CYP2C13_8419	171521	cyp2c13	0.01729818780889621	0.8495048367014654	-Infinity	Infinity	-1.1394156	1.0428329	1.0377222	1.9303387	-Infinity	-1.0082532	1.0290914	1.4682344	3.3640742	0.87817615	0.9510515	0.9628448	0.26451194	0.06619969	0.9878181	0.9748117	0.59797317	0.074677065			
DDX60_8457	120097562	ddx60l1	0.03438843298163345	0.8693920173267327	1.4541492	1.4541492	-1.1395417	-1.1659191	-1.0086951	1.2379932	-1.2035924	1.2506601	1.1685028	1.1126102	1.4541492	0.38822073	0.3415565	0.94787425	0.13442747	0.67340755	0.16273187	0.3884174	0.4767453	0.055181243			
DERA_8462	690945	dera	0.03418467583497053	0.8693920173267327	1.0631312	1.0631312	1.0271933	1.0320387	1.0101506	1.0146399	1.0360317	1.0451092	1.0368955	1.0469983	1.0631312	0.50743145	0.15526818	0.6126985	0.6575362	0.09713102	0.007506243	0.09843217	0.01821855	0.009755775			
E2F7_32903	314818	e2f7	0.03256743256743257	0.8693920173267327	2.8397076	2.8397076	2.1853743	1.6908561	1.6156027	2.0371354	1.3153265	2.3136823	1.7947986	1.67645	2.8397076	0.10339343	0.4864185	0.4037774	0.020414913	0.46263826	0.02769463	0.21854424	0.24960792	0.10154666	0.3	1.0	
EIF1A_8536	317163	eif1a	0.016931216931216932	0.8495048367014654	-1.1832203	1.1832203	-1.0076591	1.0007107	-1.0482239	-1.0138409	-1.0302144	1.0104884	1.000496	-1.0117173	-1.1832203	0.8262776	0.97992325	0.16472565	0.76674104	0.33269787	0.6641162	0.98545796	0.6829133	0.2559205			
ELAC2_8553	282826	elac2	0.02656507413509061	0.8693920173267327	-1.8170866	1.8170866	1.0173303	-1.0376235	-1.8098633	-1.2085317	1.0245113	-1.0972124	-1.2438427	-1.1082464	-1.8170866	0.8577708	0.8391139	0.017825384	0.13729453	0.8701706	0.62117285	0.1144145	0.63181007	0.029392218			
ERO1L_8573	171562	ero1a	0.01552013422818792	0.8495048367014654	1.0950001	1.0950001	1.0169373	1.0307689	1.031498	1.0181551	1.044056	1.0267066	1.0114532	-1.0047234	1.0950001	0.2579536	0.32616922	0.035920974	0.47704297	0.23096557	0.19637364	0.5594121	0.8074242	0.18745717			
ERO1LB_32533	364755	ero1b	0.047971918876755074	0.8693920173267327	1.3635077	1.3635077	1.1120144	1.1817839	1.1272299	-1.0172321	1.0509892	1.1216006	1.2387384	1.312508	1.3635077	0.4678051	0.3027484	0.32838506	0.9311511	0.7305354	0.3760324	0.051928658	0.042314086	0.0066581834			
F5_33079	304929	f5	0.049319392385085814	0.8724435874140136	-1.2095064	1.2095064	-1.2095064	-1.1164633	1.0033706	1.1296426	1.0347984	1.0175797	1.038942	1.0434792	1.1077657	0.06057537	0.36952734	0.95169026	0.11499879	0.6768707	0.65343237	0.58849937	0.4357564	0.18948077			
FUT1_8668	81919	fut1	0.0446168768186227	0.8693920173267327	1.4160277	1.4160277	1.0985637	1.161261	1.238464	1.1233481	1.0932484	1.4160277	1.2432404	1.1261783	1.3158369	0.45154512	0.19243656	0.124396265	0.40527418	0.58973414	0.0044563995	0.07897663	0.36925164	0.08199346			
GAR1_8683	499709	gar1	0.005266356086692323	0.7562441418095606	1.3565116	1.3565116	1.1019363	1.3565116	1.3122554	-1.1291363	-1.1418406	-1.0325675	1.1249831	1.2267787	-1.2329806	0.27553663	0.011647987	0.004300245	0.27983323	0.30168766	0.722845	0.29597455	0.029518018	0.32508668			
GNA15_8722	89788	gna15	0.018167137666532097	0.8495048367014654	1.2233735	1.2233735	-1.0902755	-1.0306896	1.1252636	1.1364459	-1.0078874	1.0117009	1.0669893	1.1458428	1.2233735	0.34689307	0.75760186	0.15672088	0.14528328	0.9520425	0.9153457	0.51225114	0.20666526	0.01905133			
GRB14_32726	58844	grb14	0.04765687053216839	0.8693920173267327	1.9905579	1.9905579	1.2884746	1.4754698	-1.0117368	1.0821824	1.5609897	1.1614493	1.5348155	1.9905579	1.6238955	0.44673124	0.14872108	0.97912014	0.85517126	0.089837685	0.6182835	0.22756703	0.009910017	0.36215082			
GRIK4_32724	24406	grik4	4.0160642570281126E-4	0.2696708741299988	3.8413124	3.8413124	-1.279591	1.9718487	1.6844604	1.612412	1.3315997	1.9711615	2.1918883	1.8254968	3.8413124	0.7636036	0.1484955	0.36750215	0.25885344	0.6953159	0.14812309	0.070997186	0.30421957	1.5949103E-4	100.0	300.0	
HMOX1_8815	24451	hmox1	0.04389632107023411	0.8693920173267327	1.2207075	1.2207075	-1.0719863	1.0701454	1.0749347	1.182593	1.0032759	1.0321447	1.0421841	1.0481486	1.2207075	0.17142834	0.56205714	0.03871408	0.13139534	0.97268295	0.5956076	0.22068028	0.20633179	0.3136313			
HSD3B_8835	360348;682974	hsd3b1;hsd3b3	1.9577133907595928E-4	0.2696708741299988	-1.3699025	1.3699025	-1.289425	-1.2730771	-1.2925282	-1.3225638	-1.3294946	-1.3699025	-1.1792928	-1.1656874	-1.1908469	4.5758524E-4	5.619837E-4	3.640634E-4	3.4297883E-4	2.0856188E-4	1.4743749E-4	0.016090745	0.011545416	0.029847184			
HSPB1_8847	24471	hspb1	0.02597668234812845	0.8693920173267327	1.1250371	1.1250371	-1.0650839	1.0074608	1.0485313	1.0090451	-1.0367454	-1.0112144	1.0365263	1.1250371	1.0067003	0.0025527119	0.8272508	0.2934055	0.690934	0.11859124	0.7379308	0.024539879	0.028240507	0.88435984			
IFNGR1_32668	116465	ifngr1	0.01650366748166259	0.8495048367014654	1.082213	1.082213	-1.0176966	1.0087868	1.0388565	1.0290304	1.0203749	1.010694	1.0379342	1.0548759	1.082213	0.54426223	0.7886223	0.15522242	0.28255126	0.52490544	0.7113593	0.2991274	0.100098856	0.025072604			
IGF1_8876	24482	igf1	0.040387389243766746	0.8693920173267327	-1.4033233	1.4033233	1.0235828	-1.0636638	-1.1371523	-1.1207702	-1.1234962	-1.1096854	-1.0489969	-1.0696718	-1.4033233	0.686368	0.51212597	0.027791722	0.44541124	0.45205602	0.14446019	0.57757044	0.58764493	0.0861626			
IL18_32962	29197	il18	0.029258098223615466	0.8693920173267327	1.1905112	1.1905112	-1.1015825	1.0191838	-1.0038333	1.1312968	1.1149194	-1.0104282	1.038116	1.052147	1.1905112	0.19727005	0.80911714	0.93791413	0.18538818	0.24292369	0.8325199	0.39811555	0.37656057	0.22432156			
KLRA17_33064	494206;120093104;497796;690045	ly49si1;ly49si3l1;klra17;loc690045	0.03177795655671762	0.8693920173267327	1.2281214	1.2281214	-1.0604774	1.0463333	1.0178008	1.0508547	-1.0070277	1.0070851	1.0301477	1.0652877	1.2281214	0.24450833	0.70802724	0.79911727	0.6138383	0.9384207	0.8781875	0.68975705	0.4479389	0.0061775385			
KNG1L1_32433	288001	kng1	0.02913401647578863	0.8693920173267327	2.5994055	2.5994055	-1.7660341	1.1649507	1.8285426	-1.5137631	1.1828318	1.5656021	1.2114507	1.0225899	2.5994055	0.46103102	0.78961354	0.14599645	0.5665842	0.8315761	0.2864663	0.75674486	0.97086203	0.054067757			
LAMA3_8980	307582	lama3	0.001613228473482557	0.4591283390239004	1.1964158	1.1964158	-1.1561015	-1.0933615	1.0532508	1.077445	-1.084997	1.0810565	1.0493244	1.085766	1.1964158	0.13087931	0.27572823	0.46236858	0.24227667	0.39587423	0.29859692	0.5643738	0.21249369	0.00405812			
LAMB1_32926	298941	lamb1	0.019533585808251944	0.8495048367014654	-1.0692294	1.0692294	1.0590562	1.0486488	-1.0355194	-1.0012593	1.0024095	-1.0126634	-1.0692294	-1.0421679	-1.0331804	0.04182714	0.079921715	0.39320904	0.96408063	0.9373722	0.6284596	0.037194338	0.10237723	0.51670426			
LOC100360856_32354	108351885	spetex2el3	0.01474010861132661	0.8495048367014654	1.4605008	1.4605008	-1.0488998	1.054979	-1.0237017	-1.1086638	-1.002172	1.0161332	1.2187979	1.1759417	1.4605008	0.8780024	0.7387928	0.8353132	0.3686923	0.98456645	0.9128962	0.10741318	0.24631906	0.04132696			
LOC100364316_32692			6.026516673362796E-4	0.2696708741299988	-Infinity	Infinity	2.5633266	-1.820507	1.0137969	1.2171264	-Infinity	-3.284353	-1.7247443	1.256179	3.7514172	0.013705638	0.4467854	0.98337406	0.81144804	0.06692674	0.23484384	0.48593602	0.7364319	0.008995054	0.0	0.01	
LOC100909675_9046	100909675	loc100909675	0.010406440212055763	0.8495048367014654	1.0694869	1.0694869	1.0146059	1.0375942	1.0148903	1.0280743	-1.0186465	1.0379179	1.0272919	1.0376685	1.0694869	0.47618195	0.03956017	0.46618077	0.19471702	0.27455944	0.1715743	0.31240138	0.22355528	0.058464676			
LOC100911814_9091	309312	gldc	0.016282764098490866	0.8495048367014654	4.1006174	4.1006174	2.4590547	2.674791	3.6354198	2.6346734	4.1006174	3.1845646	3.4173563	3.4120271	1.509426	0.092043184	0.101116516	9.867842E-4	0.17111136	8.9742374E-5	0.016011275	0.0030614478	0.04027795	0.3430138	0.1	0.3	
LOC102555634_32355	102555634	igtpl1	0.003078699249567058	0.6802559142984675	1.99838	1.99838	1.3689699	1.6242135	1.6031419	1.6023806	1.193312	1.8092031	1.4947441	1.3798852	1.99838	0.2964457	0.07083454	0.09341822	0.083007745	0.6754891	0.03334364	0.2049505	0.2852683	0.0102027645			
LOC259245_33313	259244	mup4l4	0.02554380363200958	0.8693920173267327	1.6262928	1.6262928	1.0891825	1.3530804	1.0273256	1.6262928	-1.0449364	1.1882784	1.2073511	1.324144	1.61806	0.77846	0.13821188	0.8809888	0.020651763	0.8445629	0.33046496	0.42626402	0.32416287	0.007833069			
LOC287167_9118	287167	hba-a3	0.023103659783275405	0.8693920173267327	-1.175937	1.175937	-1.0719721	-1.0878396	-1.0161854	-1.0478234	-1.0398241	-1.0354124	-1.0630442	-1.0525415	-1.175937	0.29250732	0.018275978	0.7644406	0.21382576	0.46800512	0.40926167	0.1542635	0.19867851	0.177775			
LOC679794_32681	100363502;25309	cycs-ps9;cycs	0.022411288649097322	0.8693920173267327	-1.0862176	1.0862176	-1.0104221	-1.0258763	-1.0350213	-1.0387597	-1.0363938	-1.0011511	-1.005201	-1.0284199	-1.0862176	0.36395884	0.30324388	0.18377824	0.2487697	0.26416716	0.9225537	0.7847316	0.30908844	0.07513419			
MGC112715_33057	690899	vsir	0.03914807302231237	0.8693920173267327	1.0957875	1.0957875	-1.0547398	-1.0480204	1.0400789	1.0673633	-1.0194482	1.0007373	1.0273567	1.0083166	1.0957875	0.21461946	0.40091792	0.29632697	0.09647397	0.7264392	0.9876234	0.5871605	0.87517667	0.043577105			
MRPL12_9245	303746	mrpl12	0.03309741881765196	0.8693920173267327	-1.0795197	1.0795197	1.0125068	-1.0028422	-1.022199	-1.0462711	-1.0322773	1.0155123	1.0167373	-1.0061256	-1.0795197	0.19923133	0.9079628	0.45562762	0.13899274	0.27811915	0.2191846	0.47119567	0.82067937	0.14926249			
MTNR1B_33301	192646	mtnr1b	0.024347143137639898	0.8693920173267327	4.43993	4.43993	3.8849766	2.9362285	2.5167434	-1.4294641	2.089983	2.299434	2.2520268	1.6114843	4.43993	0.05804108	0.15085468	0.2470977	0.6991973	0.3381588	0.22175787	0.35001865	0.56234276	0.029155552	100.0	300.0	
NCKAP1L_33041	315348	nckap1l	0.02678219771563608	0.8693920173267327	1.2062229	1.2062229	-1.0418878	-1.1821934	-1.1267731	1.1622291	-1.0553088	1.0523115	-1.1077622	1.0550864	1.2062229	0.46495727	0.14391081	0.36525643	0.13961858	0.62639004	0.56714624	0.28750774	0.58673155	0.0010853944			
NDRG1_32364	299923	ndrg1	0.00622740056247489	0.7562441418095606	1.1536244	1.1536244	1.0609165	1.0746723	1.055389	1.0360072	1.0846313	1.0512357	1.0383687	1.0787226	1.1536244	0.19770576	0.0923215	0.19141804	0.40396073	0.11616366	0.12073453	0.24014239	0.030512344	0.05806025			
NDUFV3_32394	64539	ndufv3	0.04832935560859188	0.8693920173267327	1.0558542	1.0558542	1.0015472	1.0170634	1.0226144	1.001181	1.005938	1.0375953	1.034093	1.0558542	1.0353267	0.94736636	0.29108134	0.25455874	0.9409107	0.7091495	0.039234053	0.08060794	0.025933284	0.23487632			
NENF_9296	289380	nenf	0.04753236245954692	0.8693920173267327	1.0925293	1.0925293	1.0925293	1.0839133	-1.0371017	-1.0292441	1.0461153	-1.009064	-1.0104452	-1.0249826	-1.0671338	0.02620002	0.06257376	0.5082861	0.41191676	0.4003565	0.8673045	0.82547873	0.63293207	0.28412893			
NEURL3_9298	316326	neurl3	0.013303769401330377	0.8495048367014654	1.3950211	1.3950211	-1.2301035	-1.1178027	1.114317	1.1875044	1.1725212	1.092383	1.177065	1.12546	1.3950211	0.05724828	0.6995003	0.23251441	0.19840568	0.3150883	0.42457274	0.21239266	0.31620914	0.0016376538			
NGB_34114	85382	ngb	0.04512635379061372	0.8693920173267327	-3.695031	3.695031	-1.4456321	2.7136984	1.4169139	-3.695031	1.3815067	1.5954401	1.3562107	-2.059506	2.998087	0.6396251	0.024978561	0.53356045	0.19518085	0.7164873	0.49280798	0.7262414	0.36300942	0.11601554	0.01	0.1	
NIPSNAP1_9317	360971	nipsnap1	0.04126659856996936	0.8693920173267327	1.1286263	1.1286263	1.1286263	1.0935321	1.0275528	-1.0631112	1.0384004	1.015991	1.0053637	-1.0052187	-1.1006725	0.019107848	0.11749043	0.7011924	0.20439099	0.50223637	0.7833886	0.930717	0.94952655	0.34998465			
NLRX1_33261	315599	nlrx1	0.009701202949165696	0.8495048367014654	1.1693707	1.1693707	1.114421	1.0693913	1.0517877	1.0544906	1.0724827	1.0393662	1.0681975	1.0621299	1.1693707	0.024852036	0.04883196	0.26614305	0.31836563	0.1392947	0.5171408	0.17535315	0.4615417	0.05597021			
NPDC1_9352	296562	npdc1	0.04782694979162532	0.8693920173267327	1.0984721	1.0984721	1.0331099	1.0067285	1.0070058	1.0554634	1.0266865	1.0682523	1.0482652	1.0032979	1.0984721	0.25698775	0.8440345	0.8594265	0.13470647	0.6383396	0.039952695	0.14468554	0.9523456	0.017451342			
PAN2_9420	408200	pan2	0.012189995796553174	0.8495048367014654	-Infinity	Infinity	-Infinity	-1.6929466	-1.1415235	1.1941148	-4.2745767	1.2335471	-2.004537	1.089999	3.5240712	0.17835824	0.6555089	0.8750667	0.8358299	0.30885634	0.8229221	0.51175404	0.9270696	0.10434926			
PDIA6_33272	286906	pdia6	0.044172542513479886	0.8693920173267327	-1.0699601	1.0699601	1.0497944	1.0327823	-1.0404332	1.0191265	1.0168481	-1.0113622	-1.0192764	-1.0595393	-1.0699601	0.09392498	0.21368057	0.1795116	0.3591792	0.37592766	0.60365003	0.47568476	0.30345422	0.0065487074			
PDK2_32491	81530	pdk2	0.02922465208747515	0.8693920173267327	1.2537962	1.2537962	1.0151572	1.0877079	1.0602901	1.0490472	1.0795894	1.034654	1.1005327	1.0716825	1.2537962	0.8666325	0.19074987	0.50060254	0.651801	0.3025059	0.6889816	0.3756666	0.44911075	0.02104402			
PFDN4_33123	100366237	pfdn4	0.03731494625836544	0.8693920173267327	-1.0464971	1.0464971	-1.0008142	-1.0027668	-1.0206499	-1.0128673	-1.0213403	1.0032452	-1.0014292	-1.0317132	-1.0464971	0.9310368	0.83059233	0.3009779	0.34733036	0.3740982	0.7385782	0.9122091	0.070154704	1.06225205E-4			
PGM1_9466	24645	pgm1	7.817080320500293E-4	0.2696708741299988	1.1185405	1.1185405	1.0339832	1.0339189	1.0063096	1.0176611	1.0623966	1.0489364	1.0572901	1.0360793	1.1185405	0.29005373	0.1811983	0.8619181	0.4629303	0.16295502	0.0873131	0.031634104	0.17219575	0.0021802601			
PHGDH_9470	58835	phgdh	0.03405383360522023	0.8693920173267327	-1.2085854	1.2085854	1.1453003	1.0230051	-1.2028736	-1.1216849	1.0304459	-1.0541946	-1.2035092	-1.2085854	-1.0958481	0.028004926	0.7807455	0.084631115	0.16159955	0.6889059	0.57449895	0.08003745	0.05392038	0.26501945			
PKM_33240	100362738;100364062	pkml1;pkm-ps20	0.027312599681020733	0.8693920173267327	2.3524294	2.3524294	-1.2497141	-1.6043291	1.1077049	1.5767137	1.0902606	1.6110452	1.9005425	1.572625	2.3524294	0.7346754	0.34729195	0.8536279	0.31380346	0.7748378	0.32509646	0.07541055	0.383706	0.01428034	100.0	300.0	
POLR3D_9526	306012	polr3d	0.018997574777687955	0.8495048367014654	-1.2849025	1.2849025	1.0557498	1.0139207	-1.0360417	1.0050659	1.003398	1.0091866	1.0395199	1.0424955	-1.2849025	0.29838437	0.7679312	0.6856809	0.94728017	0.9464158	0.8854168	0.5786675	0.5816361	0.1661465			
PPAN_9534	298699	ppan	0.020224719101123594	0.8561797752808988	-1.1263881	1.1263881	1.0842365	1.0693606	-1.0211846	-1.031589	1.0152596	1.1082639	1.0863303	1.0115659	-1.1263881	0.019756781	0.2367719	0.70988965	0.47418302	0.7213348	0.004205689	0.0726067	0.85163593	0.24949822			
PPARGC1A_33189	83516	ppargc1a	0.006302934804018121	0.7562441418095606	2.8280091	2.8280091	2.2697735	2.158297	1.7389101	1.3625335	1.9836794	2.6937	1.289786	2.0924242	2.8280091	0.053224966	0.006095339	0.35494256	0.43708327	0.14632888	7.3519675E-4	0.6624235	0.039558195	0.026662722	0.01	0.1	
PPP1R3B_9545	192280	ppp1r3b	0.02822011691191292	0.8693920173267327	1.1153584	1.1153584	-1.0112858	1.0459595	1.0592818	1.0854148	1.0607212	1.0448003	1.0041101	-1.0228126	1.1153584	0.8288366	0.17766991	0.1684771	0.037159316	0.30561364	0.18139052	0.9143737	0.649569	0.24176665			
PRKAG1_33315	25520	prkag1	0.03985722784057109	0.8693920173267327	1.1061662	1.1061662	1.0933136	1.0353713	1.0402657	1.012922	1.0476539	1.0528023	1.0649061	1.0141329	1.1061662	0.024472855	0.36291736	0.3565064	0.6734983	0.16992009	0.23143859	0.110269845	0.7873552	0.17836402			
PRL_32948	24683	prl	0.005622837370242215	0.7562441418095606	-Infinity	Infinity	-Infinity	-Infinity	2.235598	2.0534806	-Infinity	1.6570786	3.0581698	5.2953014	8.225512	0.35061666	0.35061666	0.49970293	0.6610564	0.35061666	0.74430484	0.36863062	0.1257211	1.082688E-4	100.0	300.0	
PRMT1_32372	100361025;60421	prmt1l1;prmt1	0.04867986798679868	0.8693920173267327	-1.0707701	1.0707701	1.0335629	1.0065198	-1.0233591	-1.044775	-1.0049053	1.0110086	1.0162838	-1.0132807	-1.0707701	0.006142652	0.83745784	0.39057985	0.2634067	0.87505877	0.5527801	0.52443445	0.61621135	0.17515862			
PYCARD_33242	282817	pycard	0.008110300081103	0.806093303713107	1.0868348	1.0868348	-1.0806012	-1.0112898	1.0446842	1.0536221	-1.0097691	-1.0069249	1.0142103	1.0371733	1.0868348	0.015528197	0.8274201	0.17560835	0.0841247	0.8531552	0.82897955	0.6500064	0.21052328	0.010917389			
PYGL_9632	64035	pygl	0.041387465510445406	0.8693920173267327	-1.1032907	1.1032907	-1.1032907	-1.0220163	1.0202724	1.0374248	1.0026922	-1.0213302	-1.0088964	-1.04726	1.0743909	0.027565157	0.6555241	0.58186984	0.3099598	0.93139464	0.6106798	0.81887037	0.48592097	0.13552834			
RAB4A_9643	25532	rab4a	0.027611044417767107	0.8693920173267327	1.0655758	1.0655758	1.0126177	1.0168827	1.0110184	1.0233666	1.0257058	1.0370531	1.038242	1.0655758	1.0279678	0.61018854	0.34659111	0.5537718	0.285911	0.2417339	0.026046455	0.07827332	0.0063829767	0.11401488			
RCN1_33000	362182	rcn1	0.03737373737373737	0.8693920173267327	-1.0699228	1.0699228	1.0304077	1.0471666	1.0002669	1.0006835	1.0119331	1.0281061	-1.0177845	-1.033933	-1.0699228	0.19496104	0.338937	0.9904482	0.9827732	0.5834564	0.3429271	0.4370923	0.44188902	0.14662792			
RT1-CE11_32928	414791;368153	rt1-ce11;rt1-ce7	0.013370035391270154	0.8495048367014654	1.3116071	1.3116071	-1.1085892	-1.0126903	1.1228819	1.0517197	-1.006688	-1.1088377	-1.0123142	1.091005	1.3116071	0.29780763	0.907923	0.3406077	0.71452886	0.9554927	0.30226007	0.91206646	0.4712077	0.0047011217			
RT1-DMA_32874	294274	rt1-dma	0.021102926537925542	0.8614516083160318	1.1241624	1.1241624	-1.024478	1.0159981	1.1227818	1.0998143	1.0191407	1.0213313	1.0160146	1.0624835	1.1241624	0.6555436	0.76379275	0.04819516	0.041124776	0.75338066	0.6860031	0.7695351	0.20322862	0.02163557			
RT1-DMB_32359	294273	rt1-dmb	0.035954168312919796	0.8693920173267327	1.1181093	1.1181093	-1.0318124	-1.0268414	1.0711088	1.0774316	1.0016788	1.0214281	1.0043433	-1.0167482	1.1181093	0.41555443	0.6107405	0.25889477	0.09979365	0.9717299	0.7402668	0.9244214	0.76734495	0.011052548			
SCCPDH_9785	305021	sccpdh	0.03867962737950587	0.8693920173267327	1.0580913	1.0580913	1.0580913	1.0427395	-1.0194309	-1.0316969	1.0253272	1.003003	-1.003016	-1.0013056	-1.0518625	0.016917879	0.31253287	0.5614404	0.13539603	0.37874416	0.9258195	0.893713	0.96686834	0.28577352			
SDC2_9793	25615	sdc2	0.03465645778762845	0.8693920173267327	1.067537	1.067537	1.067537	1.0369473	-1.0223242	1.0042343	1.0197403	-1.0205518	-1.0071036	-1.024862	-1.0601034	0.025270939	0.3309625	0.42268708	0.9076323	0.5980263	0.49281865	0.8141327	0.5728467	0.09232073			
SERPINH1_9815	29345	serpinh1	0.042971147943523635	0.8693920173267327	-1.063254	1.063254	1.0374342	1.0201589	-1.011875	-1.0183705	1.0074749	-1.0337828	-1.0092138	-1.0346069	-1.063254	0.24250478	0.48463884	0.4532053	0.61467004	0.7779737	0.079574496	0.70614535	0.38018745	0.06374205			
SLAMF9_32467	289235	slamf9	0.013424163494289721	0.8495048367014654	1.3577222	1.3577222	-1.1744211	-1.068775	1.1393337	1.2828866	1.0688082	1.0139111	1.0620296	1.0920858	1.3577222	0.3686284	0.7470636	0.15950653	0.019212043	0.6567239	0.90541095	0.67984694	0.42494717	0.03601655			
SLC10A2_9833	29500	slc10a2	0.0018075918859208676	0.4591283390239004	4.6412444	4.6412444	1.6007942	-3.0775378	-1.1376768	1.4747362	1.4376931	2.819673	1.0576777	1.7158341	4.6412444	0.5171045	0.26645803	0.86991036	0.5743595	0.60329956	0.14566171	0.9493202	0.37842947	1.08598964E-4	100.0	300.0	
SLC1A2_33059	29482	slc1a2	0.049655451965950545	0.8724435874140136	1.3596822	1.3596822	-1.3079348	-1.0159533	1.0688465	1.3596822	1.2374172	1.2570826	1.1082262	1.0186557	-1.048807	0.16145478	0.8515327	0.44408494	0.0014526235	0.006075709	0.020668428	0.3756081	0.8605714	0.68013006			
SLC22A5_9846	303140;29726	slc22a21;slc22a5	4.027386226339106E-4	0.2696708741299988	2.0254486	2.0254486	1.6137174	1.5675628	-1.1509852	1.1646274	1.5184932	1.5288389	1.2305113	1.521742	2.0254486	0.044089492	0.0071529346	0.36371127	0.3266507	0.0062736194	0.04154196	0.4437928	0.10256072	5.0590625E-5	100.0	300.0	
SLC2A1_9862	24778	slc2a1	0.04114308877178759	0.8693920173267327	1.1711242	1.1711242	-1.0734499	1.0610647	1.1251516	1.1131668	1.0572367	1.0640861	1.0358856	1.131867	1.1711242	0.37183598	0.34476265	0.16899943	0.1155913	0.57202744	0.32248482	0.6696803	0.14471318	0.19178592			
SNAP25_9907	25012	snap25	0.003904644471845458	0.7052181826595301	2.0832894	2.0832894	1.0625513	-1.0471102	1.063178	2.0832894	1.9214238	1.5973212	1.5501387	1.2150282	-1.0522119	0.6925769	0.79271257	0.6301684	4.7561145E-5	3.6775653E-4	4.5846882E-5	0.020862026	0.23183933	0.71248233	0.3	1.0	
SPDEF_9927	689210	spdef	0.042136624813790165	0.8693920173267327	-Infinity	Infinity	1.2290536	-Infinity	-Infinity	2.8067224	1.8806462	1.8426234	-2.0109675	1.8791636	4.4162593	0.8709489	0.11322153	0.11322153	0.36698544	0.51985914	0.582814	0.5132238	0.5407474	0.03399426	100.0	300.0	
SQRDL_9936	691966	sqor	0.013179237631792377	0.8495048367014654	1.0976164	1.0976164	-1.0448406	-1.0362159	1.0155206	1.061848	1.0410429	1.0054325	1.0156044	1.0512764	1.0976164	0.18736297	0.47163236	0.6931289	0.17894846	0.27033648	0.90145344	0.66555566	0.11667864	0.12699036			
STAR_32299	25557	star	0.005299313052011776	0.7562441418095606	-1.6358453	1.6358453	-1.3761791	-1.3180164	-1.4307997	-1.6358453	-1.4029385	-1.5024171	-1.3089719	-1.19772	-1.1833991	0.017404461	0.05754324	0.00552256	5.1651E-4	0.005065241	0.0011452837	0.014436982	0.14470042	0.2709581			
STXBP2_9969	81804	stxbp2	0.018921668362156665	0.8495048367014654	1.1517928	1.1517928	-1.0405746	1.0386059	1.0840877	1.0498834	1.037409	1.1517928	1.1368843	1.1130399	1.0954833	0.30177888	0.421794	0.09659499	0.37966987	0.4952344	0.016329683	0.023019273	0.04741531	0.021315036			
SULT1C2_33309	171072;316153	sult1c2;sult1c2a	0.04488188976377953	0.8693920173267327	1.6207864	1.6207864	-1.0878263	1.1215005	-1.070846	-1.0005721	-1.090098	1.0775651	1.2773403	-1.0425404	1.6207864	0.78673244	0.36257708	0.80141777	0.99805135	0.78194946	0.6847725	0.3676966	0.88442135	0.010593739			
SULT2A2_33196	361510	sult2a2	0.04714342788653616	0.8693920173267327	6.434177	6.434177	2.7928739	1.4623681	6.434177	2.0585403	-1.6423465	2.6642225	4.4846783	4.1200833	4.814459	0.23670572	0.55849653	0.063571714	0.25535485	0.46153614	0.233986	0.036231246	0.020608144	0.008807995	10.0	30.0	
SVS5_33083	171027	svs5	0.014242115971515769	0.8495048367014654	2.9929066	2.9929066	1.3548527	-1.382018	-2.93322	-2.3932197	-1.1650908	1.6259316	-1.1108934	1.1998522	2.9929066	0.72215104	0.54258406	0.1916436	0.30101946	0.78270245	0.3716122	0.8504221	0.80191946	4.1436378E-4	100.0	300.0	
TMA16_10034	290686	tma16	0.0342691990090834	0.8693920173267327	-1.1989045	1.1989045	1.0917913	-1.1540391	-1.0636494	-1.0617421	-1.1065506	1.0260072	1.0201924	-1.0569669	-1.1989045	0.1513068	0.06180499	0.39939848	0.5029278	0.30099303	0.6840193	0.7645267	0.5797971	0.029709736			
TMC7_33312	499254	tmc7	0.014939852541715173	0.8495048367014654	2.1683147	2.1683147	-1.0226352	1.5199759	-1.6371421	1.2462904	1.5541302	1.9884853	1.9300891	1.3834234	2.1683147	0.9656355	0.33270213	0.43291	0.56717855	0.022788528	0.023594204	0.0053300443	0.16461894	1.950437E-4	100.0	300.0	
TMEM119_32949	304581	tmem119	0.047354333950998556	0.8693920173267327	-1.2776072	1.2776072	1.2775459	1.1319696	-1.0835489	-1.2075224	-1.0215564	-1.2266465	-1.0638163	-1.0512985	-1.2776072	0.008077882	0.17356592	0.4883021	0.4223714	0.8635863	0.13970251	0.58069247	0.6115066	0.18538494			
TNFRSF17_33028	287034	tnfrsf17	0.015738498789346248	0.8495048367014654	-6.467126	6.467126	-2.026478	1.2736694	-6.467126	1.7282982	-3.492874	1.0671014	1.4403474	1.624754	2.9870071	0.29047173	0.7687397	0.044265185	0.24944858	0.13170715	0.9161628	0.48470026	0.30562449	0.18283893	0.1	0.3	
TNIP1_10051	363599	tnip1	0.048057669203043656	0.8693920173267327	1.077538	1.077538	1.0143731	1.0046409	1.0419899	1.0302905	1.0021834	1.0077046	1.0207446	1.0224563	1.077538	0.5348596	0.8819367	0.18364324	0.2824497	0.93568176	0.83183014	0.56402856	0.4938123	0.04547455			
TNNT1_33317	171409	tnnt1	0.025560361777428233	0.8693920173267327	1.3503584	1.3503584	1.1450285	1.2129294	1.0784283	1.0924325	1.2193894	1.1816052	1.0568737	1.1815903	1.3503584	0.35905868	0.112149075	0.6079087	0.444593	0.12877865	0.1625506	0.67913365	0.23331931	0.10186101			
TOMM70A_10058	304017	tomm70	0.0356780863571863	0.8693920173267327	-1.054599	1.054599	1.0241904	1.0050821	-1.0284559	-1.0221744	-1.0188044	1.0220343	1.0043819	-1.0351902	-1.054599	0.23630062	0.8314608	0.26180774	0.4178742	0.51341623	0.2914952	0.8215626	0.12337931	0.10339971			
TOPORS_33193	362501	topors	0.026071499111198895	0.8693920173267327	1.1071205	1.1071205	1.1028569	1.0671531	1.0173558	1.0416368	1.0505248	1.0778729	1.0918535	1.0752801	1.1071205	0.008310189	0.06131903	0.6824534	0.3155827	0.1947872	0.09236661	0.018650757	0.11181045	0.21069895			
TTC17_32457	311224	ttc17	0.019249094720792833	0.8495048367014654	1.1093259	1.1093259	1.0249323	1.0825965	-1.0091518	1.0370222	1.03919	1.0848846	1.0667105	1.0734282	1.1093259	0.53886306	0.016302941	0.88088334	0.404562	0.34655207	0.0069199963	0.14644036	0.054519676	0.016089132			
TUBA1C_32945	64158;300218	tuba1a;tuba1c	0.03772418058132344	0.8693920173267327	-1.1388966	1.1388966	1.0376871	-1.0068467	1.0107274	-1.0538856	-1.0205023	1.0250384	1.0111856	-1.0053372	-1.1388966	0.0054103215	0.8734332	0.42937073	0.5077529	0.60025513	0.41944098	0.7030105	0.89255846	0.2881204			
UGT1A1_33117	396552;574523;24861;113992;396527;301595;154516;396551	ugt1a9;ugt1a5;ugt1a1;ugt1a6;ugt1a2;ugt1a8;ugt1a7c;ugt1a3	0.01879248300679728	0.8495048367014654	1.1546972	1.1546972	-1.1107553	1.0003148	-1.0142074	1.1441802	-1.0191281	1.1468186	1.1134068	1.0945513	1.1546972	0.10118133	0.9960489	0.87440896	0.0411369	0.82308406	0.007749028	0.044273574	0.2748411	0.0046085934			
UGT2B1_33224	286954	ugt2b1	0.030694668820678513	0.8693920173267327	-Infinity	Infinity	-Infinity	1.9390546	1.3233566	1.3105098	-1.1320244	1.5127037	-1.2297181	1.6119808	2.4546165	0.09494478	0.22464567	0.64980155	0.68753326	0.86700076	0.4842142	0.79151744	0.39935103	0.06315045			
UGT2B7_33032	286989	ugt2b7	0.018605562083822955	0.8495048367014654	2.2700932	2.2700932	1.5068336	1.8674731	1.4006152	1.1473732	1.3965966	1.563674	-1.0006852	1.5550257	2.2700932	0.22716624	0.058463678	0.48728636	0.7581384	0.3990072	0.34550878	0.99869734	0.26018173	0.008958225	100.0	300.0	
ZFAND2A_10197	360772	zfand2a	0.04061406917994559	0.8693920173267327	1.2361299	1.2361299	1.1330081	1.2294283	1.061755	1.1433634	1.2023411	1.1371661	1.2009891	1.0755743	1.2361299	0.19897668	0.016053881	0.5629381	0.26018342	0.039065156	0.23204009	0.08603678	0.4434543	0.021890193			
ZMYM2_10211	305913	zmym2	0.04027105517909003	0.8693920173267327	1.6767081	1.6767081	1.6767081	1.2583132	1.1126912	-1.2100791	1.3543314	1.132346	1.0065562	1.0303633	1.6474437	0.005296222	0.3192461	0.7134724	0.49967045	0.10458792	0.7260737	0.9813903	0.91790164	0.10384291			
