Williams Trend Test
Data Source: P2_Perfluoro_3_methoxypropanoic_acid_Female_Ovary_NoOutlier-expression1
Work Source: null
BMDExpress3 Version: BMDExpress 3.20.119 BETA
Timestamp (Start Time): 12/14/2025 07:30.46
Number of Permutations: 10000
Unadjusted P-Value Cutoff: 0.05
Multiple Testing Correction: false
Filter Out Control Genes: true
NOTEL/LOTEL Test: T-Test
NOTEL/LOTEL p-Value Threshold: 0.05
NOTEL/LOTEL Fold Change Threshold: 2.0
Total Run Time: 17 seconds

Chip: BioSpyder S1500_Rat
Provider: BioSpyder

=== Experiment Description ===
Experiment Type: in vivo
Test Article: Perfluoro-3-methoxypropanoic acid | CAS: 377-73-1 | DSSTOX: DTXSID70191136
Subject Type: in vivo
Species: rat
Strain: Sprague-Dawley
Sex: female
Organ: ovary
Article Route: oral
Article Vehicle: feed
Administration Means: dietary
Study Duration: 28d
Platform: BioSpyder S1500+ Rat
Provider: BioSpyder
Article Type: chemical
Chip File Creation Date: 10/31/24
Log Transformation: NONE
BMDExpress3 Version: BMDExpress 3.20.119 BETA
Timestamp: 12/14/2025 07:06.33

Probe ID	Gene ID	Gene Symbol	Unadjusted P-Value	Adjusted P-Value	Max Fold Change	Max Fold Change Unsigned	FC Dose Level 1	FC Dose Level 2	FC Dose Level 3	FC Dose Level 4	FC Dose Level 5	FC Dose Level 6	FC Dose Level 7	FC Dose Level 8	FC Dose Level 9	NOTEL/LOTEL T-Test p-Value Level 1	NOTEL/LOTEL T-Test p-Value Level 2	NOTEL/LOTEL T-Test p-Value Level 3	NOTEL/LOTEL T-Test p-Value Level 4	NOTEL/LOTEL T-Test p-Value Level 5	NOTEL/LOTEL T-Test p-Value Level 6	NOTEL/LOTEL T-Test p-Value Level 7	NOTEL/LOTEL T-Test p-Value Level 8	NOTEL/LOTEL T-Test p-Value Level 9	NOTEL	LOTEL
ACADSB_7959	25618	acadsb	0.02229676400947119	0.4795882144124955	-1.101536	1.101536	1.0204625	1.0065895	-1.0083629	1.0579761	-1.0254351	-1.03268	-1.0764309	-1.0366143	-1.101536	0.680655	0.79870576	0.749754	0.02678425	0.40638158	0.22243142	0.07648512	0.4606862	0.09365564			
ACOT4_7971	681337	acot4	0.03385049365303244	0.5226516220028209	-4.463541	4.463541	-1.456312	-1.7664452	-1.5699072	-4.463541	-1.9021403	-1.1926143	-1.6825953	-1.1894543	1.3822502	0.36883137	0.13943005	0.07781628	0.004645903	0.09227177	0.5720591	0.22771956	0.63220894	0.3072833	0.3	1.0	
ACTC1_32706	29275	actc1	0.002004811547714515	0.23017292784734644	-2.717859	2.717859	-1.2695999	-1.1694561	-1.5267111	-2.717859	-1.1040184	1.5743372	1.7414701	1.5827607	-1.1668568	0.40778008	0.3747959	0.049515694	0.015510026	0.72686034	0.005145885	4.946078E-4	0.028837847	0.48508063	0.3	1.0	
ADH5_7991	100145871	adh5	0.04864652805021577	0.571905375453298	-1.0273204	1.0273204	-1.0093261	-1.0046024	-1.019427	-1.009798	-1.0084156	-1.0155811	-1.0190533	-1.023856	-1.0273204	0.55267525	0.73395014	0.1525589	0.17723167	0.49144024	0.10139125	0.044766206	0.016110925	0.04595585			
ALAS1_8018	65155	alas1	0.002976190476190476	0.23017292784734644	1.0816232	1.0816232	-1.0490675	1.0085795	-1.0053362	1.0082853	-1.026023	1.0389565	1.0216194	1.0622841	1.0816232	0.14930113	0.6570359	0.79662466	0.69206226	0.35487694	0.17882244	0.4134965	0.066231094	0.070320964			
ALB_8020	24186	alb	0.002336448598130841	0.23017292784734644	-1.9648893	1.9648893	-1.2572834	-1.5547807	-1.2452724	-1.6873473	-1.9648893	-1.4614562	-1.4346733	-1.4814283	-1.6080685	0.0019501785	1.0194822E-4	0.3184767	1.1191625E-5	1.12970985E-4	2.4406466E-4	1.5533573E-4	0.11006426	0.116634555			
APOA2_33095	25649	apoa2	0.032632199724788674	0.5171071937397665	-3.5132291	3.5132291	-1.3475901	-1.8025994	-1.7371174	-2.0059478	-2.5529373	-3.5132291	-1.516788	-1.3081031	-1.2964594	0.025067542	0.015395691	0.23012303	0.012193044	1.2457377E-4	2.683707E-6	0.0026762611	0.37807888	0.2620186	0.3	1.0	
APOH_32855	287774	apoh	0.014628437682855471	0.422607665369358	-2.5367508	2.5367508	-1.3677374	-2.4718347	-1.7751844	-2.5367508	-2.4545727	-2.3453884	-1.8303539	-1.8535596	-1.8106209	0.0018684074	3.0035875E-4	0.28121436	0.0022802777	1.3299285E-5	0.0015250089	0.0016590277	0.07471209	0.19401222	0.01	0.1	
APON_8066	304603	apon	0.014580801944106925	0.422607665369358	-4.319537	4.319537	-1.4361614	-1.4070063	-4.319537	-2.784305	-2.5911834	-1.9842652	-1.6600777	-1.7005557	1.5294502	0.38497353	0.35741246	0.011688645	0.030548083	0.045506526	0.12206274	0.26352787	0.35622904	0.054481883	0.1	0.3	
ASCC3_8090	309887	ascc3	0.01988862370723946	0.46492558920609184	-1.0262191	1.0262191	1.0034963	1.0153185	-1.0115857	1.0207684	-1.0112734	1.0010792	-1.0055482	-1.008446	-1.0262191	0.776108	0.21983708	0.3186345	0.06740305	0.32948512	0.9264779	0.6726124	0.43299747	0.15216841			
ASPN_8093	306805	aspn	0.032065325632344155	0.5171071937397665	-1.115132	1.115132	-1.0080491	-1.0167264	1.0212924	-1.0664828	-1.0058942	1.0160683	-1.0318726	-1.026257	-1.115132	0.8077567	0.5647343	0.47205704	0.27109534	0.88704014	0.6321421	0.25677374	0.32396632	0.046759427			
ATIC_8100	81643	atic	0.027414075286415714	0.5171071937397665	-1.1251868	1.1251868	-1.0210307	1.0108799	-1.0084164	1.0140905	-1.0588865	1.0162548	-1.1024201	-1.0110061	-1.1251868	0.65386575	0.7988993	0.83843833	0.7200602	0.16036092	0.7397776	0.026443342	0.7868797	0.20634298			
ATP11C_33283	317599	atp11c	0.01327433628318584	0.4123164070402589	-1.063804	1.063804	-1.0121266	1.0026999	-1.0088842	-1.0105982	1.0026712	-1.0221658	-1.0087637	-1.0204073	-1.063804	0.48633403	0.87601876	0.572673	0.58024085	0.8888016	0.31546694	0.58289444	0.3969996	0.035313904			
ATP2C1_8107	170699	atp2c1	0.04275348107472053	0.5470555920942141	-1.0797653	1.0797653	1.0023919	-1.0173022	-1.0411716	1.0306338	-1.0100509	-1.0533245	-1.0487368	-1.0530577	-1.0797653	0.9539616	0.6066657	0.11238781	0.46061757	0.7420736	0.09042177	0.04855305	0.038425956	0.12395109			
ATP5C1_8109	116550	atp5f1c	0.04986149584487535	0.5770426712590893	1.0223229	1.0223229	1.0070792	1.0032872	1.0078506	-1.0090644	1.004932	1.0196286	1.0144386	1.0015306	1.0223229	0.52073336	0.76679987	0.35779515	0.36757782	0.61839205	0.052079294	0.17189462	0.87414277	0.16114724			
BCL2A1_8136	170929	bcl2a1	0.04207771290517415	0.5470555920942141	-1.1004533	1.1004533	-1.0021547	-1.0042303	1.099076	1.0062367	1.0062988	1.0570061	1.0405991	1.0939487	-1.1004533	0.96315646	0.93863523	0.040252622	0.90642625	0.897874	0.34034052	0.33489227	0.11429047	0.15781924			
BDH1_8139	117099	bdh1	0.003537735849056604	0.23017292784734644	1.1877849	1.1877849	-1.0330491	1.122009	1.0511242	1.156204	1.0166425	1.1388024	1.1102622	1.1877849	1.1127355	0.5862247	0.029100774	0.4000395	0.0067764954	0.80131036	0.044857766	0.060084682	0.0030440148	0.08254352			
BHLHE40_8141	79431	bhlhe40	0.0306474528110412	0.5171071937397665	1.1145171	1.1145171	-1.0441426	-1.0113173	-1.0242952	1.1062869	-1.0573997	-1.0168651	-1.0015826	1.0687824	1.1145171	0.107610844	0.80898935	0.41942254	0.08546079	0.42701194	0.5753543	0.95155936	0.121772215	0.18161483			
CAR9_32677	313495	car9	0.032341269841269844	0.5171071937397665	-1.1741314	1.1741314	1.1517808	-1.0206314	1.0614424	1.0142494	1.1331139	1.0052061	1.0785724	1.11609	-1.1741314	0.14012645	0.8410874	0.35942614	0.8136565	0.04341973	0.9398074	0.19594522	0.123534955	0.015184442			
CASP2_8200	64314	casp2	0.04040601210228382	0.5470555920942141	-1.0603417	1.0603417	-1.0100466	1.0094314	-1.0310128	-1.0175598	-1.0230242	-1.0259763	-1.0425892	-1.0603417	-1.0528514	0.66680276	0.67841315	0.107867785	0.43688005	0.25210667	0.31970888	0.028296199	0.032340985	0.14751059			
CBR1_8208	29224;102556347	cbr1;cbr1l2	0.026710499280871172	0.5171071937397665	1.1047732	1.1047732	-1.0054985	1.0209043	1.0047224	1.04173	-1.0028193	1.0391994	1.0126644	1.0515519	1.1047732	0.7459174	0.6379812	0.7507969	0.427083	0.858499	0.039246798	0.48525912	0.109469146	0.2123922			
CCNH_8229	84389	ccnh	5.938242280285036E-4	0.1541225793571571	-1.0521069	1.0521069	-1.0283433	-1.021763	1.0205059	-1.0092639	1.0262568	1.0056633	1.0142643	-1.0043525	-1.0521069	0.0063322447	0.15569407	0.10693721	0.3374393	0.059160646	0.5874948	0.32556725	0.67688787	0.020165347			
CCT2_8233	299809	cct2	0.040567545963229416	0.5470555920942141	1.0340399	1.0340399	1.0011227	1.0340399	1.0262537	1.0171131	1.0211213	1.0108256	1.0121527	1.0206126	-1.0296841	0.93998235	0.11259342	0.06754601	0.4361099	0.3878245	0.46488038	0.31566542	0.0968881	0.0479347			
CD37_33149	29185	cd37	0.007578779417630634	0.3258903774800595	-1.2298768	1.2298768	-1.0097051	-1.0339937	-1.0038121	-1.0556846	-1.043071	-1.0287175	-1.07094	1.0055227	-1.2298768	0.87470096	0.44981554	0.92648536	0.17155424	0.4192894	0.59293324	0.33418566	0.9227077	0.015996216			
CD48_8249	245962	cd48	0.0031923383878691143	0.23017292784734644	-1.0448219	1.0448219	1.0039847	-1.0145233	1.004149	-1.0093341	-1.0061804	-1.0160058	-1.0088824	-1.0157818	-1.0448219	0.7387952	0.11517369	0.7784671	0.30762002	0.6237973	0.09944196	0.55477035	0.25443158	0.05429978			
CD53_8250	24251	cd53	0.0033736852550109147	0.23017292784734644	-1.1848197	1.1848197	-1.0260185	-1.0917557	1.0358478	-1.0901772	-1.0082674	-1.0163362	-1.0423304	1.0164453	-1.1848197	0.47303033	0.10087276	0.4161278	0.04601625	0.81085944	0.46507365	0.22865131	0.7358058	0.042517263			
CDC6_32573	360621	cdc6	0.03877510439451183	0.5470555920942141	-1.5999602	1.5999602	-1.3011812	-1.3214147	-1.1769772	-1.1296974	-1.0592653	-1.5999602	-1.1258014	-1.1164552	1.0459967	0.027883833	0.04024482	0.01592197	0.16390118	0.37483227	0.0043913634	0.14630881	0.26195323	0.44371405			
CDCA4_8261	500727	cdca4	0.005893111156269051	0.29670533560693746	-1.3442352	1.3442352	-1.3337537	1.0044115	1.0219618	1.019652	-1.0243584	-1.0590317	-1.0185757	-1.0437112	-1.3442352	0.014607879	0.9548127	0.442783	0.77931035	0.7252474	0.22163555	0.7495268	0.22026952	0.08609432			
CEBPB_8282	24253	cebpb	0.008028904054596548	0.3380898507353746	1.0547975	1.0547975	-1.0275704	-1.0125773	1.0214071	1.037578	-1.0031095	1.029607	1.0348976	1.0448484	1.0547975	0.117608555	0.6467624	0.1434993	0.17719492	0.83860874	0.16076101	0.044074204	0.005615461	0.0918148			
CEBPZ_8284	362686	cebpz	0.013613380007779074	0.4148498433949518	-1.0853348	1.0853348	1.0225135	-1.0103753	-1.0129309	-1.0006318	-1.0127352	-1.0191613	-1.0104147	-1.0343347	-1.0853348	0.5848553	0.75851274	0.6151659	0.9895318	0.7285341	0.38579908	0.64094126	0.22194603	0.0051862663			
CISD1_8322	294362	cisd1	0.03304484657749803	0.5171071937397665	1.0273767	1.0273767	1.0164287	1.0101575	1.0114479	1.0173624	1.0054758	1.0131698	-1.0045002	1.0149616	1.0273767	0.01323476	0.43159264	0.36661434	0.03545135	0.5178337	0.24751131	0.6699286	0.10952318	0.08173644			
CLEC4A3_8330	362431	clec4a3	0.029250457038391225	0.5171071937397665	-1.1560242	1.1560242	-1.0400712	-1.1237584	1.0760642	-1.1030335	-1.0064436	-1.0546669	-1.006607	1.0823641	-1.1560242	0.62513715	0.016499255	0.03745637	0.019928489	0.9073432	0.20729311	0.87104166	0.05705338	0.104042746			
CLIC4_8332	83718	clic4	0.0423861852433281	0.5470555920942141	-1.042698	1.042698	-1.0153112	1.018346	-1.0149528	1.0236424	-1.042698	-1.0037748	-1.0217477	1.0236038	1.0301224	0.2971527	0.28020838	0.20102027	0.07780497	0.06782291	0.8099027	0.11456085	0.0394099	0.23120713			
CLTC_8337	54241	cltc	0.005240878855069542	0.26973056507424575	-1.0340865	1.0340865	-1.0037484	1.0077319	-1.0051019	1.0024571	1.0006969	-1.0131805	1.0026498	1.0072149	-1.0340865	0.6612664	0.39269406	0.6133067	0.85001683	0.92970526	0.11376902	0.8334895	0.37907994	8.4409857E-4			
CPT1B_8373	25756	cpt1b	0.038422852544759606	0.5470555920942141	1.336297	1.336297	1.0389221	1.2311319	-1.0078098	1.1407244	-1.0794446	1.0635853	-1.0097431	1.2421143	1.336297	0.7772778	0.06395492	0.9483918	0.23712164	0.6178192	0.7017087	0.9366607	0.034269113	0.15003338			
CREB1_8377	81646	creb1	0.028182515337423313	0.5171071937397665	-1.0513556	1.0513556	-1.024776	1.0246042	-1.0353578	1.0034751	-1.0112491	-1.0246598	-1.0193055	-1.0015734	-1.0513556	0.35160235	0.40873885	0.10874958	0.8756422	0.58778	0.31938824	0.38290745	0.9368062	0.03396025			
CRK_8382	54245	crk	0.001797842588893328	0.21914754925668145	-1.13799	1.13799	-1.0081615	1.0145354	1.0004373	1.0419677	1.0187274	1.0009328	-1.0317643	1.0020372	-1.13799	0.85454226	0.7367614	0.9881547	0.30483285	0.61030096	0.973617	0.3026085	0.9552451	0.0036174515			
CSRP3_32915	117505	csrp3	0.03977047882865058	0.5470555920942141	1.655486	1.655486	-1.3749144	-1.4317307	-1.5937322	-1.3732924	1.1335179	1.2627548	1.655486	1.4703404	1.0944935	0.198524	0.3125891	0.024709847	0.34459937	0.6696528	0.2870449	0.0028424931	0.09705256	0.83703846			
CTNNB1_8400	84353	ctnnb1	0.04588639579543157	0.5564025793833483	-1.0518168	1.0518168	1.0056475	1.0406541	-1.0205754	1.0224326	1.0001688	1.0093483	-1.0009805	1.0052465	-1.0518168	0.8235746	0.105693385	0.50688446	0.47317645	0.9943149	0.69463015	0.9615275	0.84563786	0.25858817			
CXCL10_8408	245920	cxcl10	0.02034649476228848	0.46492558920609184	-1.4047343	1.4047343	-1.0441798	-1.0555803	1.1020588	-1.1582981	-1.0809387	-1.0962791	-1.006254	1.0181621	-1.4047343	0.61368734	0.6603428	0.26260638	0.15768966	0.44814008	0.42868146	0.96343213	0.8396255	0.10455825			
CYP2B3_32867	286953	cyp2b3	0.030879782482035347	0.5171071937397665	-4.6972513	4.6972513	-2.345212	-1.9602562	-1.4097717	-2.9441168	-4.538784	-4.6972513	-2.170895	-2.6383162	-1.2208648	0.03758929	0.0029567026	0.51403743	6.228322E-4	5.099699E-4	8.938364E-5	0.049870983	0.123257264	0.51708007	0.0	0.01	
CYP2C11_32593	29277	cyp2c11	1.9584802193497845E-4	0.09280705269485073	-5.5935135	5.5935135	-2.8522973	-1.8527955	-5.256337	-4.733759	-4.2629595	-5.5935135	-3.212264	-3.350433	-1.4985021	0.0024193425	0.006239445	2.2598635E-4	4.1456235E-4	0.0017700845	7.972523E-5	0.0019435064	0.014968209	0.04960521	0.0	0.01	
CYP3A2_32374	266682	cyp3a2	1.9712201852946975E-4	0.09280705269485073	-2.0980694	2.0980694	-1.57384	-1.5145755	-1.6375065	-2.0980694	-1.6081717	-1.7082406	-1.5802628	-1.5790277	-1.2826141	5.836057E-4	1.6037017E-6	3.3587028E-5	0.0013917555	2.0588523E-6	3.9739454E-5	2.8199496E-4	0.0034107084	0.007404168	0.3	1.0	
CYTB_32443			0.0171854114951308	0.44023131935219845	-1.0832677	1.0832677	1.015706	-1.0334051	-1.0373765	-1.0230285	1.0020555	-1.0520438	-1.0270016	-1.0604601	-1.0832677	0.74902034	0.29308143	0.12404066	0.4608131	0.9519206	0.025877435	0.35813236	0.015855903	0.13115959			
DDX18_8453	308490	ddx18	0.03010625737898465	0.5171071937397665	-1.088362	1.088362	-1.0065687	-1.0035397	-1.0639021	1.0276705	1.0118585	-1.0193998	-1.0245541	-1.0198461	-1.088362	0.8542015	0.9166448	0.08967311	0.5042483	0.6978569	0.2921846	0.23471496	0.3949597	0.005006382			
DYNLT3_8507	363448	dynlt3	0.01593308105954989	0.42709879828566627	-1.0456686	1.0456686	1.0146286	1.0010599	1.0097442	1.0093912	1.0050173	-1.0052496	-1.0075214	-1.0167595	-1.0456686	0.41057852	0.9456524	0.46888205	0.49517214	0.8359939	0.7567003	0.5672565	0.14708339	0.048737675			
EBNA1BP2_8513	114021	ebna1bp2	0.042561654733492445	0.5470555920942141	-1.0636771	1.0636771	-1.009861	-1.0129282	-1.0114603	-1.0270828	1.0089346	-1.0126033	-1.0109787	-1.0636771	-1.0271275	0.5467672	0.5310193	0.48595867	0.03832822	0.55425555	0.639861	0.3521264	0.007030258	0.31377837			
ECH1_8516	64526	ech1	0.038180019782393666	0.5470555920942141	-1.0351351	1.0351351	1.0126429	-1.0070322	-1.0126432	-1.0127004	1.0131725	-1.0171599	-1.0197656	-1.0351351	-1.0109409	0.26774153	0.63427836	0.1527943	0.16218255	0.06986435	0.27016577	0.01580675	0.03360352	0.18161194			
ECI1_8520	29740	eci1	0.030362389813907934	0.5171071937397665	-1.0643172	1.0643172	1.007932	-1.0051055	-1.0286076	1.0318463	1.0196842	-1.0065646	-1.0347754	-1.0282316	-1.0643172	0.80165213	0.8694307	0.23226257	0.3034046	0.5328596	0.8188199	0.12564404	0.24469742	0.013119034			
ECI3_8522	291076	eci3	0.011385944248135061	0.3898582523595584	-1.0527662	1.0527662	1.0000554	1.0205861	-1.0030379	1.0152143	1.0379999	1.0089896	-1.0015134	-1.0089872	-1.0527662	0.998318	0.30958757	0.8794374	0.6265431	0.13063411	0.6665066	0.94549155	0.6362716	0.03200649			
ECSCR_32931	689248	ecscr	0.010722233461460652	0.38801082338660736	-1.4579844	1.4579844	-1.0576329	-1.0447087	-1.0576763	-1.058852	1.0025197	-1.064417	-1.0355297	1.0204244	-1.4579844	0.5601559	0.7063608	0.40279147	0.4840986	0.9828721	0.47549295	0.6399179	0.7608162	0.09892811			
EIF1A_8536	317163	eif1a	0.03379978471474704	0.5226516220028209	-1.0973771	1.0973771	1.034492	1.065802	1.0133251	1.0377502	1.021365	1.0621362	1.0599868	1.0465708	-1.0973771	0.41653532	0.10512738	0.7498353	0.44344735	0.5958318	0.119115844	0.13892907	0.25531748	0.4311555			
EIF4B_8549	300253	eif4b	0.015170151701517014	0.42709879828566627	-1.0385354	1.0385354	-1.0020432	1.0224776	-1.0076239	1.000424	-1.0060954	1.0082242	-1.0068127	-1.0027875	-1.0385354	0.8510332	0.044936527	0.4396433	0.97750443	0.6341732	0.62570536	0.61006016	0.82306504	0.1324953			
ETV1_8578	362733	etv1	0.03632694248234107	0.5393153768532175	-1.1006776	1.1006776	-1.017012	-1.0090648	1.008369	-1.0319697	1.0402644	1.0066189	-1.008971	-1.1006776	-1.0778421	0.4875624	0.81613415	0.7937142	0.4629778	0.17678146	0.782936	0.7509349	0.007156344	0.04183316			
EVI2A_32378	685433	evi2a	0.030787927891432042	0.5171071937397665	-1.1715143	1.1715143	-1.0044829	-1.0752478	1.0296439	-1.1081728	-1.042462	-1.0993065	-1.0505879	1.0235517	-1.1715143	0.91635066	0.01957845	0.02464819	0.036366414	0.66160905	8.7272533E-4	0.2396424	0.31877592	0.06624461			
EXOSC7_8580	316098	exosc7	0.02413793103448276	0.5036346691519105	-1.432554	1.432554	-1.008495	1.1126955	-1.0217946	1.0182483	1.109581	-1.1826391	1.0202407	1.0499487	-1.432554	0.89593303	0.20139393	0.8802034	0.86304647	0.53223085	0.20543452	0.78072596	0.5059802	0.009183138			
FABP1_33091	24360	fabp1	0.0033151326053042123	0.23017292784734644	-2.873407	2.873407	-1.4542646	-1.7460393	-1.7477628	-2.873407	-2.8584461	-2.7243588	-1.6474736	-1.9427185	-1.7662485	5.4149615E-4	1.3316984E-4	0.18988582	4.1832498E-4	0.0029681907	2.5389076E-4	0.0022428855	0.08458449	0.1618397	0.3	1.0	
FAM20B_8600	304885	fam20b	0.04201171480508988	0.5470555920942141	1.0405902	1.0405902	1.017758	1.0385273	1.0275763	1.0405902	1.0117469	1.016953	1.0218412	1.0306418	-1.0346537	0.44200853	0.047910217	0.16787092	0.019476797	0.6347475	0.46709627	0.3226735	0.19039895	0.21004187			
FASTKD5_8612	366192	fastkd5	0.027432919503404086	0.5171071937397665	-1.1993433	1.1993433	-1.0494632	1.034756	-1.1377337	-1.0143511	1.0359597	-1.0908097	-1.0422356	-1.0637993	-1.1993433	0.48352847	0.600613	0.09595624	0.8560742	0.4466788	0.04622771	0.39787638	0.27688336	0.010819612			
FBXO11_8619	301674	fbxo11	0.025359424920127795	0.5171071937397665	1.0369092	1.0369092	1.0196674	1.0369092	1.0177912	1.0181414	1.0146545	1.020286	1.0137788	1.0082815	-1.0283052	0.3017912	0.009094821	0.20477583	0.33791235	0.4418309	0.115790285	0.29147026	0.64570093	0.029258994			
FBXO22_32888	300724	fbxo22	0.03623611922852133	0.5393153768532175	-1.0519252	1.0519252	-1.0021671	-1.0249366	-1.0008336	1.0114201	1.0041921	-1.0348648	-1.0490857	-1.0259616	-1.0519252	0.93653333	0.17297074	0.95653224	0.5468935	0.872062	0.039406348	0.013785501	0.14966212	0.08629305			
FBXO7_8621	366854	fbxo7	0.020966453674121407	0.46492558920609184	-1.0959878	1.0959878	1.0279299	1.0365006	1.0048422	1.0013186	1.0356015	1.0146703	-1.006196	1.0240973	-1.0959878	0.43175006	0.39362317	0.8521643	0.9798891	0.18075757	0.57885647	0.81517	0.5670754	0.017787434			
FGA_8632	361969	fga	0.0015634160641000586	0.20777822634907817	-2.0004861	2.0004861	-1.3062439	-1.5612559	-1.2712059	-1.7993294	-2.0004861	-1.6421576	-1.424896	-1.4284018	-1.3941381	0.0012247383	5.1133047E-6	0.3040255	2.1508963E-6	7.633728E-8	0.0016069802	0.0078499615	0.07432143	0.18993926	1.0	3.0	
FGL1_8640	246186	fgl1	0.010935364186682289	0.38963543779009513	-2.0654562	2.0654562	-1.2503341	-1.3615254	-1.0423663	-1.495195	-1.6169072	-1.7116095	-2.0654562	-1.5462183	-1.423119	0.042106535	0.0121257175	0.84238225	0.0075670527	0.012868679	0.0028808117	0.0014834533	0.10255679	0.22660024	10.0	30.0	
FIS1_8645	288584	fis1	0.003923107100823852	0.23255124533209653	-1.076392	1.076392	-1.0155654	-1.0035744	-1.0254405	1.0102693	1.0090287	-1.0158536	-1.0218469	1.0052818	-1.076392	0.5523142	0.87899745	0.1686619	0.74158764	0.6119873	0.40127164	0.22525609	0.8011612	0.03094067			
GAS5_8688	81714	gas5	0.006270226537216829	0.302538430420712	-1.0396049	1.0396049	-1.0033778	-1.001034	-1.0003325	-1.0179299	1.0078964	1.006755	-1.0037421	-1.0174263	-1.0396049	0.63976914	0.94895476	0.9644218	0.11992026	0.36348978	0.3139563	0.7594566	0.022455255	0.036327876			
GBP4_8692	310917	gbp4	0.02107823267126064	0.46492558920609184	-1.3668083	1.3668083	-1.0870247	1.0442523	1.0493338	1.0167886	-1.076987	-1.1498953	-1.311213	1.0052725	-1.3668083	0.33680412	0.59816533	0.5718488	0.8204311	0.3704431	0.2201491	0.08898315	0.95122874	0.0044822753			
GCLM_8700	29739	gclm	0.009491793553490212	0.36864305610823717	-1.1831157	1.1831157	-1.0244834	-1.0217315	-1.094877	-1.0561318	-1.0897075	-1.0400043	-1.0831494	-1.05698	-1.1831157	0.7193367	0.6424531	0.025057165	0.3721121	0.041689973	0.39172137	0.08115794	0.40424886	0.044805143			
GDF15_33113	29455	gdf15	0.045081967213114756	0.5564025793833483	1.5838277	1.5838277	1.3243877	1.1053592	1.2871335	1.378829	1.1178597	1.1501176	1.1822301	1.0770551	1.5838277	0.29180938	0.7713762	0.25083804	0.19923912	0.61566305	0.4539643	0.34945732	0.72225827	0.014541697			
GFPT1_8705	297417	gfpt1	0.03270363599431241	0.5171071937397665	-1.1194464	1.1194464	-1.0720829	1.0648706	-1.004092	1.0271066	-1.0754681	1.0007107	-1.0185288	-1.0140396	-1.1194464	0.07109605	0.07662122	0.92615885	0.44448766	0.20887382	0.98523027	0.56790906	0.72508687	0.2174608			
GMFG_32344	113940	gmfg	0.03841463414634146	0.5470555920942141	-1.0557017	1.0557017	1.0072132	-1.010206	1.041361	-1.051902	-1.0024644	1.0086067	1.0127637	1.0195101	-1.0557017	0.8407684	0.6013637	0.03932215	0.039201424	0.88908076	0.57936573	0.49548918	0.22242218	0.050443016			
GSTA4_8757	300850	gsta4	2.003606491685033E-4	0.09280705269485073	-1.0787295	1.0787295	-1.0016459	1.0088974	-1.007497	-1.0212489	1.0124073	1.0041796	-1.001898	-1.0500835	-1.0787295	0.87962496	0.46114004	0.67068213	0.05202147	0.32111663	0.78381324	0.89396983	0.02915347	0.0022194083			
GSTZ1_8764	681913	gstz1	0.018894758228362455	0.45888362589393517	-1.1374727	1.1374727	-1.0381327	-1.0300522	-1.0163069	-1.0610566	-1.0706435	-1.0018345	-1.1374727	-1.0407608	-1.1236213	0.21473868	0.4349895	0.6802386	0.019312426	0.10392486	0.9617867	0.017523048	0.27024978	0.11556026			
HADH_8776	113965	hadh	0.020606060606060607	0.46492558920609184	-1.1586518	1.1586518	1.0054626	1.0056875	-1.0091885	-1.0269878	-1.0071326	1.0129296	-1.0354077	-1.0365592	-1.1586518	0.8708033	0.79169494	0.8406788	0.67441314	0.90389216	0.62629193	0.35463262	0.5274036	0.006226162			
HIBADH_32345	63938	hibadh	0.017297517297517297	0.44023131935219845	-1.105042	1.105042	1.0115986	1.0532119	1.036747	1.0042824	1.0114825	1.0061326	-1.024753	1.0199206	-1.105042	0.74393946	0.055056263	0.2366794	0.9294926	0.73184437	0.8472841	0.31416017	0.63516027	0.15354893			
HMOX1_8815	24451	hmox1	0.03299595141700405	0.5171071937397665	1.0861053	1.0861053	-1.0234679	1.0059679	1.0540462	1.0363317	1.0158471	1.028672	1.0422703	1.069967	1.0861053	0.58212626	0.8384753	0.1323701	0.3889191	0.48767686	0.2661264	0.19224103	0.026707768	0.26230058			
HSP90AA1_8838	299331;100362895	hsp90aa1;hsp90aa1-ps17	0.04436450839328537	0.5524096851551017	-1.0777828	1.0777828	-1.0015326	-1.0241644	-1.0273833	-1.0019156	-1.0575868	-1.0777828	-1.0516341	-1.0671532	-1.0703399	0.9572942	0.29480213	0.21176271	0.9488737	0.055936124	0.035926577	0.107389376	0.007033746	0.0231653			
HSPA1L_33069	24963	hspa1l	5.989219405070872E-4	0.1541225793571571	2.0633867	2.0633867	1.2499411	1.3755633	1.0843774	1.078872	-1.1808399	1.0876744	1.2693528	1.5891938	2.0633867	0.4204771	0.039759267	0.69128364	0.803016	0.49862695	0.6709518	0.23677245	0.026106926	0.0024709732	100.0	300.0	
IFITM2_8870	114709	ifitm2	0.003324208056315995	0.23017292784734644	-1.0505794	1.0505794	-1.0064102	1.017086	1.0105674	-1.005817	1.0132527	1.0170645	-1.0004745	1.0098375	-1.0505794	0.63810104	0.51937056	0.37551168	0.5288279	0.44187617	0.105540805	0.9738842	0.32017347	0.0013365567			
IKBKE_8890	363984	ikbke	0.007161857990587273	0.32523260992549263	-1.2127512	1.2127512	-1.0138836	1.0326456	-1.0636247	-1.0483297	-1.0397805	-1.0163766	-1.1006402	1.0063639	-1.2127512	0.7321432	0.4116692	0.2844315	0.52156764	0.39561832	0.70942587	0.1809753	0.8492943	0.029074503			
KAT3_32958	541589	kyat3	0.014676316847607559	0.422607665369358	-1.0665785	1.0665785	1.0166934	1.0009396	1.0130799	-1.0039246	1.009474	-1.0169605	-1.0033667	-1.0162141	-1.0665785	0.46081048	0.9686579	0.48910615	0.881975	0.642132	0.50643754	0.874616	0.544039	0.082198754			
KDM5A_8953	312678	kdm5a	0.02666666666666667	0.5171071937397665	-1.2666965	1.2666965	1.0977743	1.0245411	-1.0938768	-1.118665	1.0520593	1.0419054	-1.1630173	-1.0808134	-1.2666965	0.37684146	0.69638366	0.18988766	0.26254585	0.25717533	0.5125999	0.104202054	0.53117514	0.11398494			
KIFC1_8966	294286	kifc1	0.04930847865303668	0.5766257263419347	-1.191085	1.191085	-1.0798842	1.1231601	-1.0444442	-1.0283107	1.0355837	-1.191085	1.1589845	1.0172107	-1.189681	0.21973577	0.080328934	0.4815916	0.68160325	0.531946	0.15546025	0.0074080564	0.70695823	6.704749E-4			
KNG1L1_34113	288001	kng1	0.03978079967525878	0.5470555920942141	-1.439142	1.439142	-1.1087651	-1.439142	1.1703525	-1.2885706	-1.3637366	-1.3701422	-1.0162864	1.1009073	1.3886611	0.49120465	0.049963027	0.53358704	0.13054948	0.120005645	0.09269025	0.88036555	0.56126136	0.28925666			
LAMP1_33255	25328	lamp1	0.025984571660576532	0.5171071937397665	-1.0487596	1.0487596	1.0075442	1.0055155	-1.0006189	1.0123198	-1.0155019	-1.0014079	-1.0200844	-1.010214	-1.0487596	0.6241066	0.7834847	0.96694636	0.34413984	0.45342585	0.94103914	0.24828838	0.5495547	0.013646867			
LOC100360856_32354	108351885	spetex2el3	0.01914936504736948	0.45888362589393517	-1.3885269	1.3885269	1.039895	-1.1403899	-1.3885269	-1.1220163	-1.121151	-1.1498847	-1.0905415	-1.2739879	1.2144057	0.6973311	0.2387708	0.0027931225	0.3113711	0.3903397	0.17846946	0.47316772	0.094557494	0.18332686			
LOC100364316_32692			0.011209813874788494	0.3898582523595584	-Infinity	Infinity	-1.4616815	3.2349365	-Infinity	4.4405665	2.559546	-1.2597384	1.7356575	1.885619	8.504627	0.799191	0.4390617	0.35061666	0.15492003	0.4382092	0.87464267	0.6368928	0.6919911	0.058039397			
LOC100910978_33295	100361383	ecm2	0.009483454398708636	0.36864305610823717	-1.1253202	1.1253202	-1.0932921	-1.0850198	-1.0442166	-1.0577688	-1.0336057	-1.1076934	-1.1047148	-1.1028222	-1.1253202	0.023375686	0.023129841	0.23535618	0.09584462	0.44104594	0.0045400346	0.0025560036	0.06590564	0.023034409			
LOC100911177_9074	100911177	loc100911177	0.0028403327246906067	0.23017292784734644	-1.0716832	1.0716832	1.0037299	1.0088501	-1.0018644	-1.0346572	1.0184855	1.0060974	-1.0210186	-1.0171885	-1.0716832	0.726093	0.70675886	0.9083058	0.09932007	0.16402853	0.5883066	0.27473494	0.36215496	0.08269293			
LOC100911882_32291	293669	cd248	0.04136690647482014	0.5470555920942141	-1.4388984	1.4388984	-1.0157436	-1.0381366	-1.2610152	-1.2605312	-1.2067173	-1.1009399	-1.2283521	-1.0742344	-1.4388984	0.8819468	0.54609317	0.11773937	0.14103375	0.14487344	0.42557898	0.013064339	0.64597356	0.14121032			
LOC100912163_9101	84481	arid4b	0.0035778175313059034	0.23017292784734644	-1.0558176	1.0558176	1.0075997	-1.0081847	-1.0054444	-1.0270827	1.0149646	-1.0133244	-1.0151539	-1.0305922	-1.0558176	0.6098854	0.6258023	0.73351675	0.105502784	0.30684075	0.42033657	0.2704561	0.06197203	0.09168017			
LOC100912409_9106	25618	acadsb	0.014780319902814336	0.422607665369358	-1.1182036	1.1182036	1.0225284	1.0453829	1.0142627	1.0724111	1.0029681	1.0308037	-1.0402924	1.0177363	-1.1182036	0.6183136	0.32680792	0.76200354	0.23198332	0.94397223	0.4593264	0.41575953	0.7313724	0.064120054			
LOC259245_33313	259244	mup4l4	1.9565642731363725E-4	0.09280705269485073	-2.1946647	2.1946647	-1.7662418	-2.0221226	-1.6907505	-2.1435049	-1.9383782	-2.037767	-1.8909677	-2.1946647	-1.585561	0.004109972	1.996358E-5	0.0049272263	2.6341566E-5	1.7305174E-5	7.083729E-5	2.177381E-4	0.0014541375	1.5579552E-7	0.01	0.1	
LOC680097_9132			0.008565310492505354	0.35423676965432854	-1.0402818	1.0402818	1.0083919	-1.0053517	1.011818	-1.0055716	1.0159326	-1.0049394	1.0111214	-1.0031638	-1.0402818	0.43199438	0.7576306	0.4205348	0.56190103	0.28989083	0.71240634	0.40422985	0.7508433	0.039662			
LOC688041_9143	688041	suz12	0.04316121403232164	0.5491542236608541	-1.0748206	1.0748206	-1.0121485	-1.0236621	-1.0304663	-1.028641	-1.0329672	-1.0215746	-1.0593255	-1.0299295	-1.0748206	0.62662065	0.40804964	0.15352148	0.32919577	0.3898811	0.48459762	0.012157587	0.3828588	0.103476495			
LOC691962_32591	287598	ska2	0.04339171974522293	0.5491542236608541	-1.0325406	1.0325406	1.0080177	-1.0072206	1.0007739	-1.0221723	1.0020192	-1.008557	-1.00939	-1.0169058	-1.0325406	0.5090085	0.5068139	0.95313585	0.25719753	0.83750236	0.530732	0.5014145	0.23257351	0.038540028			
LPIN1_32940	313977	lpin1	0.04263261296660118	0.5470555920942141	-1.4281635	1.4281635	-1.0000553	-1.0314546	-1.3224051	-1.0339097	-1.1765456	-1.1173145	-1.2176452	-1.1543498	-1.4281635	0.9997235	0.83219737	0.026648074	0.7650973	0.15965952	0.46491858	0.09236531	0.24578169	0.015185747			
LUM_32586	81682	lum	0.038391224862888484	0.5470555920942141	-1.0865269	1.0865269	-1.025695	1.0293118	-1.0668566	-1.031971	-1.0364136	-1.005758	-1.0357547	-1.0161606	-1.0865269	0.42534676	0.34756324	0.11759189	0.32328317	0.23532417	0.85673684	0.2567409	0.48878247	0.101285145			
LY6C_32880	56778	ly6c	0.025512253917235838	0.5171071937397665	-1.2921517	1.2921517	-1.0401921	-1.0857682	-1.1316197	-1.0802536	1.0471821	-1.0331457	-1.09422	-1.0316298	-1.2921517	0.6315964	0.4082596	0.16968025	0.43680778	0.529219	0.69555473	0.2895761	0.7071786	0.029207893			
LYZ2_32611	25211	lyz2	0.006785575804575417	0.3143078712679333	-1.083058	1.083058	-1.0340446	-1.0211729	1.0111965	-1.0605227	1.003974	-1.0016323	-1.0167019	1.0082079	-1.083058	0.10540762	0.3746586	0.49468648	0.027238116	0.9050493	0.9498357	0.48727563	0.70209074	0.012774652			
MAP1LC3A_33215	362245	map1lc3a	0.027690494893951294	0.5171071937397665	-1.0965619	1.0965619	-1.0076234	-1.0273671	-1.0774492	1.0191619	-1.0007038	-1.035129	-1.0307864	-1.0965619	-1.0760019	0.8431445	0.5478065	0.009258475	0.51752025	0.97908014	0.23043898	0.24159136	0.007124566	0.015878301			
MAPT_32343	29477	mapt	0.04076033705663335	0.5470555920942141	-2.1590204	2.1590204	-1.1879944	-1.2231674	-1.5087703	-1.3076115	-1.937442	-1.3324543	-2.1590204	-1.027048	1.1254537	0.3338692	0.06473283	0.14042275	0.17052825	0.0021652037	0.17649636	0.006064685	0.84785867	0.15778351	10.0	30.0	
MCCC1_32646	294972	mccc1	0.0026294498381877023	0.23017292784734644	-1.1365753	1.1365753	-1.0118124	1.0228587	-1.0148805	-1.0367597	-1.0240995	1.0019269	-1.0414318	1.0082054	-1.1365753	0.7055402	0.5621312	0.63858545	0.43048692	0.4411425	0.9577578	0.1302207	0.7912088	0.01114935			
MEST_9219	58827	mest	0.04756218905472637	0.5672218060277762	-1.1329702	1.1329702	-1.0369947	-1.0355018	1.0125718	-1.1070632	-1.0453908	1.007462	-1.0569719	-1.0499579	-1.1329702	0.45287257	0.48040554	0.7729692	0.13232817	0.276125	0.8223789	0.14935346	0.4616426	0.04304156			
MFAP5_32434	362429	mfap5	0.040564724597335455	0.5470555920942141	-1.165695	1.165695	1.0590439	-1.0379959	-1.0095668	-1.102998	-1.0178618	-1.0148114	-1.124067	-1.130991	-1.165695	0.22143383	0.51147884	0.84069306	0.20716853	0.66816556	0.8154336	0.13949876	0.1488077	0.041702			
MFSD10_9223	305449	mfsd10	0.030315117670522536	0.5171071937397665	1.1142993	1.1142993	-1.0168997	-1.0029254	1.0118095	1.0384142	-1.0544615	-1.0413806	-1.0727388	1.0601493	1.1142993	0.7588225	0.95428133	0.7352583	0.43480188	0.33448339	0.25474948	0.02861193	0.08339413	0.21911688			
MKNK1_9234	500526	mknk1	0.022836307810401076	0.4846314810509184	1.4048558	1.4048558	1.3436652	1.1351345	1.2457519	1.3662509	1.1676942	1.1942508	1.2419026	1.1526228	1.4048558	0.07545422	0.5987761	0.15869729	0.05262216	0.44195807	0.33894143	0.18110587	0.45807582	0.043253116			
MNAT1_9239	266713	mnat1	0.012964396284829722	0.4113087917214471	-1.0382377	1.0382377	-1.0034533	-1.0086921	-1.0055283	-1.015543	1.0007889	-1.0098321	-1.0147395	-1.0382377	-1.0380073	0.8180499	0.590394	0.59768367	0.17067243	0.939426	0.5029325	0.16101511	0.0030684147	0.056989316			
MTF2_9259	360905	mtf2	0.040024014408645184	0.5470555920942141	-1.0412247	1.0412247	-1.0032369	-1.0015856	-1.0172426	-1.0297405	-1.005937	-1.0119108	1.0087156	-1.007064	-1.0412247	0.81784004	0.8673569	0.16197993	0.12652999	0.7641247	0.46815366	0.4933272	0.6330847	0.030590579			
MUG1_33047	497794	mug1	0.0031207333723425007	0.23017292784734644	-2.1466506	2.1466506	-1.3818636	-1.6196957	-1.422289	-2.1466506	-2.113686	-1.8241928	-1.4898493	-1.5057775	-1.5481476	0.0023610552	7.630103E-7	0.2514854	5.33397E-4	4.5834074E-4	0.008900122	4.3230862E-4	0.094340466	0.13391002	0.3	1.0	
MUT_9264	688517	mmut	0.007545671167593328	0.3258903774800595	-1.1488515	1.1488515	1.0482808	1.0580002	1.0391771	1.000273	1.0168152	1.0440044	1.0007787	1.0627917	-1.1488515	0.10363372	0.44264328	0.4601116	0.9956904	0.6696702	0.26018232	0.9811071	0.15537143	0.021998078			
MYH7_33103	29557	myh7	0.049545992893801814	0.5766257263419347	-3.2536733	3.2536733	1.3321398	-2.2668638	-3.2536733	1.0778272	1.4285132	1.115513	1.3789263	1.366636	-1.9969077	0.29238835	0.0168267	0.020699661	0.7496487	0.08518084	0.59354556	0.14650553	0.1947162	0.016632596	0.01	0.1	
MYL2_32406	363925	myl2	1.9821605550049553E-4	0.09280705269485073	-1.5658294	1.5658294	-1.155564	-1.1540334	-1.1943702	-1.2006379	1.0328752	1.2481346	1.3167616	1.2317007	-1.5658294	0.0062534646	0.021555284	3.9687316E-4	1.4847593E-4	0.7489595	4.296055E-6	7.035925E-7	0.15520786	2.769163E-7			
NAAA_32484	497009	naaa	0.01921921921921922	0.45888362589393517	-1.182642	1.182642	1.0060527	-1.0276604	-1.0293901	-1.1115427	-1.0004712	-1.0444629	-1.0869368	-1.018935	-1.182642	0.86071163	0.66934973	0.4798096	0.14158285	0.990631	0.37724453	0.17917982	0.7421405	0.019300278			
NCK1_9286	300955	nck1	0.03479304139172166	0.5233558441558441	-1.0908986	1.0908986	-1.0165663	1.0148357	-1.0479015	-1.0201662	-1.014277	1.0066805	-1.0428743	-1.0293542	-1.0908986	0.61787504	0.63792515	0.13300544	0.6770336	0.715031	0.8120773	0.1357947	0.4426378	0.08531134			
NIPSNAP1_9317	360971	nipsnap1	0.0214	0.46756981132075465	1.0858096	1.0858096	1.0216503	1.0562915	1.0789481	1.0858096	1.0751457	-1.0038679	1.019548	1.0392507	-1.0816711	0.47467676	0.378218	0.03005579	0.011591983	0.11268783	0.9368701	0.66920716	0.22452521	0.098749615			
NIT2_9320	288174	nit2	0.04790419161676647	0.5672218060277762	-1.1011733	1.1011733	-1.0485854	-1.0004119	-1.046218	1.0044354	1.0192363	-1.0048565	1.0082198	-1.0423216	-1.1011733	0.2695586	0.9918149	0.16690129	0.9284649	0.53565395	0.8664434	0.72575855	0.1333867	0.20887895			
NOL3_9328	85383	nol3	0.029653721063707672	0.5171071937397665	1.487411	1.487411	-1.4677272	1.487411	1.4646025	1.3169048	1.0621994	1.258673	1.3276819	1.3195114	1.4455947	0.28498048	0.101987965	0.031811465	0.1532673	0.8038551	0.42550406	0.10837204	0.127679	0.11603784			
NR0B1_32885	58850	nr0b1	0.01893634165995165	0.45888362589393517	-1.4770713	1.4770713	1.0194	-1.0398096	-1.050675	-1.0922476	1.1526659	-1.0853845	-1.1083688	-1.062658	-1.4770713	0.8178976	0.70694923	0.6486512	0.4761116	0.0650347	0.63723373	0.28232756	0.52925944	0.03587961			
NR3C1_9361	24413	nr3c1	0.01951025283695003	0.4610790364324108	-1.0757318	1.0757318	1.01229	1.0027409	-1.0021448	-1.0247345	-1.0265461	-1.0110172	-1.053342	-1.0293956	-1.0757318	0.67391723	0.8625896	0.9143185	0.23618123	0.28888366	0.68242264	0.034862764	0.32496014	0.07564896			
NRIP1_9365	304157	nrip1	0.023017902813299233	0.4846314810509184	-1.1117955	1.1117955	1.0149156	-1.027062	1.0031687	1.0192944	1.020651	-1.0133196	-1.0297282	-1.0227718	-1.1117955	0.72439325	0.38197798	0.90165657	0.44680616	0.63568074	0.6683197	0.3760806	0.4714567	0.1601568			
OBP3_33099	259247;108348231;362527	obp3;mup4-ps1;mup4	9.916699722332407E-4	0.17666981966862966	-5.008944	5.008944	-2.959006	-4.0372815	-2.5198238	-2.7208087	-5.008944	-2.0828915	-4.829499	-2.5500994	-1.8037184	0.0041443044	0.0067916745	0.015091259	0.021745099	0.0013338802	0.024135968	9.84481E-5	0.0063794754	0.13828696	0.0	0.01	
OXCT1_9403	690163	oxct1	0.007598480303939212	0.3258903774800595	-1.0673724	1.0673724	1.0128218	1.0011029	-1.027178	-1.0054424	-1.0212443	-1.0183346	-1.0555698	-1.0227883	-1.0673724	0.68773097	0.9601518	0.096706554	0.83780265	0.43085843	0.3745359	0.004162409	0.2181902	0.011895734			
P4HA2_9407	360526	p4ha2	0.01865284974093264	0.45888362589393517	1.1253301	1.1253301	-1.0294693	-1.01449	-1.0098096	1.0705034	-1.0402913	-1.0159858	-1.0137734	1.0357261	1.1253301	0.29174295	0.6518274	0.8092753	0.26825455	0.22176664	0.7167017	0.52705616	0.23912938	0.15325537			
PDS5A_9454	305343	pds5a	0.0032225579053373615	0.23017292784734644	-1.1614988	1.1614988	-1.0180335	1.0218948	-1.0188023	1.0950974	-1.0094185	-1.0003815	-1.0426174	-1.0049851	-1.1614988	0.61502427	0.7522816	0.67753196	0.022056447	0.8065188	0.99219173	0.31583676	0.8977034	0.02238502			
PFKP_32690	60416	pfkp	0.012091898428053204	0.40006909656244605	1.0742271	1.0742271	-1.0236228	1.0152036	1.0169361	1.0742271	-1.0056658	1.0260148	1.0357597	1.0573106	1.0724452	0.28336084	0.6232301	0.3815521	0.05985193	0.80650294	0.25104812	0.11419693	0.009529548	0.18283957			
PGAM2_32589	24959	pgam2	0.03901195843952166	0.5470555920942141	1.3297156	1.3297156	1.0804518	-1.0297116	1.2143052	1.0131123	1.2116385	1.2335142	1.2207228	1.3297156	1.2819923	0.42031825	0.87846535	0.07742633	0.8912195	0.09791199	0.04091234	0.04740479	0.011891121	0.21285762			
PIK3CA_9482	170911	pik3ca	0.025805161032206442	0.5171071937397665	-1.435128	1.435128	-1.0232496	1.0227424	-1.07274	1.1375169	-1.111327	1.0262951	-1.103997	-1.0822235	-1.435128	0.82365435	0.8097666	0.5255349	0.1255816	0.5106474	0.70985126	0.28738752	0.5125719	0.15925398			
PKM_33240	100362738;100364062	pkml1;pkm-ps20	0.040340563551591324	0.5470555920942141	-2.0914743	2.0914743	-1.2987375	-1.9394474	-1.9332007	-1.5461024	-1.9666286	-1.845786	-2.0914743	-1.8318946	1.490713	0.46519938	0.22332153	0.12207767	0.21853143	0.10585907	0.16289325	0.09443097	0.21959506	0.27518854			
PLK1_9504	25515	plk1	0.030923612533278723	0.5171071937397665	-1.2557492	1.2557492	1.0576667	1.205	1.0935845	-1.0611404	1.0457258	1.0165699	1.136409	1.0202887	-1.2557492	0.47662878	0.046494037	0.34119654	0.5023935	0.67319804	0.89717484	0.2071145	0.8354206	0.14933075			
POLB_9518	29240	polb	0.02036741214057508	0.46492558920609184	-1.0533526	1.0533526	-1.0028949	1.0058005	-1.0089998	1.019511	1.0254915	1.0150545	1.0252597	-1.0195156	-1.0533526	0.8900044	0.72615296	0.69050276	0.34138367	0.23109089	0.35578078	0.27296156	0.2914153	0.20959564			
POLR2H_32522	498109	polr2h	0.001582591493570722	0.20777822634907817	-1.042796	1.042796	-1.0052534	-1.0067636	-1.0059471	-1.0017014	1.003397	-1.0052713	-1.0056949	-1.0126278	-1.042796	0.61414546	0.4519599	0.5429778	0.9118335	0.7379723	0.3493013	0.6363684	0.08867407	2.9041468E-5			
POLR2K_9525	100361574	polr2k	4.005607850991388E-4	0.13252839689851506	-1.1227533	1.1227533	-1.006518	1.0377823	1.0675554	1.0350467	1.0718571	1.0459712	1.0238526	1.0120322	-1.1227533	0.8352077	0.085298836	0.023339378	0.26732868	0.0010675801	0.29171628	0.5116063	0.6192385	6.100622E-5			
PPARG_32510	25664	pparg	0.006558028616852146	0.3099672301352973	-1.1272093	1.1272093	-1.0185211	-1.0469011	-1.0076083	-1.0426708	1.0107913	-1.0066973	-1.0068252	-1.015123	-1.1272093	0.565301	0.33421415	0.8223499	0.16313724	0.72793937	0.79607266	0.7978742	0.6309311	0.02829723			
PPARG_9537	25664	pparg	0.03411764705882353	0.5232878846903	-1.1084204	1.1084204	-1.0086107	-1.0490116	1.0105048	-1.0380148	1.0170482	-1.0041496	1.0280339	1.0062966	-1.1084204	0.82900393	0.25163284	0.8160739	0.23984276	0.62017703	0.89073014	0.39873838	0.8038707	0.016687565			
PPM1D_33020	287585	ppm1d	0.031544448996312986	0.5171071937397665	-1.1881316	1.1881316	-1.0247799	1.0360352	-1.0483998	1.0062473	-1.0175012	1.0677243	-1.0254773	1.0021001	-1.1881316	0.6255421	0.53113943	0.47061798	0.92527074	0.7279536	0.28857094	0.6701156	0.96890104	0.24975646			
PPP2R3C_9548	362739	ppp2r3c	0.0016148566814695195	0.20777822634907817	-1.0539626	1.0539626	1.0186167	-1.007489	1.0025401	-1.002642	1.0051793	-1.0022191	-1.0047909	-1.0214931	-1.0539626	0.14797078	0.65826625	0.8095167	0.84683996	0.62687474	0.8553739	0.7036778	0.10912578	0.010426637			
PPP2R5A_9549	312754	ppp2r5a	0.00955033824114604	0.36864305610823717	-1.0436376	1.0436376	1.0125291	-1.007848	1.0027064	-1.0200768	1.0031917	1.0049962	-1.0197804	1.0102301	-1.0436376	0.37976733	0.63724124	0.82822526	0.18259916	0.8283901	0.53002614	0.019246917	0.5140244	0.047528353			
PPP3CB_32635	24675	ppp3cb	0.04800322710770472	0.5672218060277762	-1.0474054	1.0474054	-1.0041286	1.0240076	-1.0056713	1.0046341	-1.0399534	-1.0048456	-1.0144606	1.022079	-1.0474054	0.86538893	0.1599969	0.7497218	0.79177743	0.14661057	0.76083344	0.3054744	0.3564618	0.007316333			
PRDX1_32791	117254	prdx1	0.030297107114933542	0.5171071937397665	-1.0277896	1.0277896	1.0006264	1.0067742	1.0128474	1.0060642	1.0199398	1.0030253	1.0124552	1.0028065	-1.0277896	0.96584046	0.5594326	0.26544523	0.21140736	0.30072755	0.720027	0.4543801	0.7860078	8.1848947E-4			
PRDX2_32311	29338	prdx2	0.031042128603104215	0.5171071937397665	1.039163	1.039163	-1.0063518	1.0243723	-1.0047165	1.0162085	1.0022799	1.011482	1.0059152	1.0153939	1.039163	0.59432966	0.122634776	0.726824	0.4312922	0.8607059	0.23909354	0.66576403	0.21996124	0.20475727			
PSMA5_33243	29672	psma5	0.04162517426807409	0.5470555920942141	-1.0215433	1.0215433	-1.008851	1.0083694	1.0005094	1.0067124	-1.0018089	1.0039327	1.0056919	1.0030788	-1.0215433	0.37243116	0.48280936	0.9281352	0.37397456	0.8631521	0.66881573	0.44036928	0.76146585	0.053197045			
PYGM_32527	24701	pygm	0.016642987619240917	0.4330916778220445	-1.3658829	1.3658829	-1.1421298	-1.0064504	-1.0809914	-1.0747421	-1.0835786	-1.1236304	-1.2854606	-1.0722353	-1.3658829	0.21263537	0.9425273	0.47042188	0.34195298	0.4258186	0.07930313	0.010424439	0.24897262	0.15316114			
RAB5A_9644	100361891;64633	rab5al1;rab5a	0.012750455373406194	0.41013964784456586	-1.0400637	1.0400637	-1.0039337	1.0130591	1.00602	1.0029547	-1.0031466	1.0122588	-1.0002242	1.0055442	-1.0400637	0.72237813	0.31054458	0.5362582	0.8367141	0.8429629	0.2946631	0.9765353	0.5452659	0.03969806			
RARS_9660	287191	rars1	0.045869737887212075	0.5564025793833483	-1.0532806	1.0532806	-1.0177839	1.0198702	1.0109066	1.0229347	-1.0093025	1.0013041	-1.0213591	-1.0281223	-1.0532806	0.54153293	0.517852	0.6482724	0.4662481	0.62988645	0.9431076	0.2594375	0.15953423	0.05172779			
RASA1_9661	25676	rasa1	8.123476848090983E-4	0.15678310316815597	-1.037073	1.037073	1.0253485	1.0266001	1.0258819	1.0083076	1.0131311	1.0128263	1.0167688	1.0193489	-1.037073	0.058071766	0.04217604	0.0530634	0.43582207	0.3059209	0.26304057	0.13572593	0.12364932	0.07015305			
REEP5_9673	364838	reep5	0.0012055455093429777	0.1994316714027383	1.045232	1.045232	1.0152715	1.0141606	1.0057075	1.0339916	-1.0028394	1.0224591	1.0006717	1.0287575	1.045232	0.18802318	0.32352814	0.344053	0.00235025	0.81218374	0.006615521	0.93955594	0.0021478643	0.06672299			
RFC4_9678	288003	rfc4	0.015536723163841809	0.42709879828566627	-1.0738583	1.0738583	-1.007149	-1.0152191	-1.0251492	-1.029068	-1.0086946	-1.0221732	1.0066136	-1.0267427	-1.0738583	0.79715234	0.46655634	0.31858596	0.088844575	0.7727859	0.32968313	0.7288107	0.22321655	0.027432399			
RGS10_32464	54290	rgs10	0.030734785263586403	0.5171071937397665	-1.090069	1.090069	1.0270851	-1.0327508	1.0119448	-1.0480881	-1.0081322	-1.0110136	1.0103959	1.0279919	-1.090069	0.3595314	0.44255581	0.70816135	0.2806653	0.74874127	0.625813	0.594824	0.20045753	0.1227088			
RPA3_9723	296883	rpa3	0.0014008405043025814	0.20777822634907817	-1.0825509	1.0825509	-1.0058961	-1.025601	1.0212988	-1.013457	1.0073478	1.0099372	1.0130501	-1.0038271	-1.0825509	0.68693274	0.34288773	0.23524539	0.47056764	0.67650104	0.41955703	0.39298558	0.77107984	0.0020407843			
RPF2_9724	294436	rpf2	7.958615200955034E-4	0.15678310316815597	-1.1071094	1.1071094	-1.0268016	-1.0328485	-1.0203712	1.001517	-1.0058832	-1.0095154	-1.0118383	-1.0335335	-1.1071094	0.35334873	0.14433612	0.068992086	0.9524106	0.68433553	0.5461667	0.4785974	0.025067398	0.0069841826			
RPL19_9731	81767	rpl19	0.012470308788598575	0.40677795992104643	-1.0263492	1.0263492	-1.0141445	-1.0156169	-1.011297	-1.0257428	-1.008833	-1.0141234	-1.0098838	-1.0263492	-1.0099235	0.032242596	0.0581468	0.09538224	0.002007586	0.21188882	0.022368375	0.20449387	0.0015690292	0.4519746			
RPS27A_32458	100912032	rps27a	0.0038060897435897435	0.23197115384615383	-1.024623	1.024623	-1.0072718	-1.0073804	1.0010816	-1.0136255	1.0064149	-1.0010397	1.0058148	-1.0151399	-1.024623	0.35295558	0.38867462	0.8382954	0.03299168	0.4021835	0.8522495	0.35133073	0.056058493	0.049536794			
RT1-A2_33098	24974	rt1-a2	0.004469727752945957	0.24534331467716589	-1.1897461	1.1897461	1.0346038	1.0248529	-1.0045129	-1.0357757	1.0116804	1.0366241	-1.0240723	1.020357	-1.1897461	0.28368142	0.5931984	0.90414965	0.52637565	0.7830316	0.2671857	0.5509351	0.7408502	5.453407E-4			
RT1-A2_9758	24974	rt1-a2	0.01144661535425301	0.3898582523595584	-1.1900221	1.1900221	1.0021536	1.0233653	-1.0025929	-1.0397389	1.0025408	1.0306349	-1.04885	1.0298942	-1.1900221	0.9479122	0.6624836	0.93453187	0.49955446	0.9596442	0.41351387	0.33739573	0.68308574	0.009682305			
RT1-CE11_32928	414791;368153	rt1-ce11;rt1-ce7	0.0466864490603363	0.5602373887240356	1.2563523	1.2563523	1.0836619	-1.0214857	-1.0058532	1.1455418	1.0090138	-1.1707833	-1.0404979	1.0540565	1.2563523	0.32801104	0.841073	0.964405	0.12248325	0.94048303	0.094505146	0.73521245	0.62747216	0.010623804			
RUP2_9767	619560	rup2	3.9039625219597894E-4	0.13252839689851506	-2.3633144	2.3633144	-1.4549026	-1.8858027	-1.517675	-2.3633144	-2.25944	-2.3525844	-1.6580521	-1.816627	-1.8474917	7.836518E-6	0.001146372	0.16489714	0.0035863467	8.562292E-5	8.4640575E-4	2.0343989E-5	0.049403716	0.10261465	0.3	1.0	
SCYL3_9790	360866	scyl3	0.04625984251968504	0.5580093503937008	-1.0369779	1.0369779	1.0029603	1.010443	-1.0065231	1.012182	1.0103946	-1.0034083	-1.0239668	-1.0259012	-1.0369779	0.8650816	0.58192736	0.6090279	0.3966007	0.51037806	0.83850497	0.105161995	0.15748762	0.19068594			
SEC24D_32308	310843	sec24d	0.0031415668564696644	0.23017292784734644	1.0832745	1.0832745	1.0379262	1.081789	1.0513035	1.0740826	1.0270673	1.0519934	1.0553002	1.0832745	1.0575409	0.108028196	0.014649752	0.034939222	3.1071977E-4	0.30206075	0.04915313	0.009824116	1.2514165E-4	0.09156184			
SERPINA3C_32925	24794	serpina3c	0.012091179385530228	0.40006909656244605	-3.3849902	3.3849902	-1.8174365	-2.0829573	-1.686724	-3.1718454	-3.3849902	-2.819021	-2.6144798	-3.0586278	-1.6892825	0.007452578	0.0031464004	0.37256703	0.0049383054	0.002421856	0.008861473	0.01724149	0.022732709	0.0019002096	0.01	0.1	
SERPINC1_32513	304917	serpinc1	0.03218163869693978	0.5171071937397665	-2.2639031	2.2639031	-1.2197927	-1.5718906	-1.3231019	-2.0645864	-2.2639031	-1.4547429	-1.484857	-1.227435	-1.2982262	0.018138083	3.5983903E-4	0.36991706	0.0024816066	0.0031516512	0.036534972	2.590021E-4	0.26034397	0.30240592	0.3	1.0	
SGK2_32380	171497	sgk2	0.027240590559367853	0.5171071937397665	-Infinity	Infinity	-1.4744692	-6.2246184	-1.2596375	-2.0755246	-1.9166068	-Infinity	-1.1620573	-1.3971022	2.174319	0.5956751	0.08476807	0.7270696	0.4304636	0.386929	0.041965175	0.81323874	0.68565524	0.0401994	3.0	10.0	
SGK3_33138	171498	sgk3	0.002173054128802845	0.23017292784734644	-1.1131057	1.1131057	1.0052387	-1.026271	-1.0332241	-1.0524569	1.0340177	1.0025159	-1.0146601	-1.0499017	-1.1131057	0.81631887	0.3966268	0.25920781	0.15004095	0.025600074	0.9294095	0.31695274	0.10929488	0.037249032			
SLC26A2_33072	117267	slc26a2	0.03297145154804986	0.5171071937397665	1.0789199	1.0789199	-1.0069473	1.0067981	1.0140749	1.0644993	-1.064243	1.0162004	-1.0350109	1.0419436	1.0789199	0.7787778	0.73436445	0.49406844	0.021061454	0.042775538	0.64509946	0.13559848	0.20070305	0.27960318			
SLC39A1_32758	361986	slc39a1	0.010043041606886656	0.3751561993798305	1.0313588	1.0313588	-1.0110689	1.0042082	-1.0106099	1.0251743	-1.0053513	-1.0113281	-1.0128694	1.009848	1.0313588	0.19341777	0.7820669	0.09998237	0.066766225	0.6383837	0.24426495	0.07454535	0.2285834	0.025411759			
SLCO1B2_32950	58978	slco1b2	0.016366273047441475	0.43073054974857333	-4.4933753	4.4933753	-1.7838107	-2.6525393	1.470759	-1.1775346	1.2361193	-4.4933753	1.3407804	1.4526515	3.2645457	0.37750915	0.12673463	0.67933303	0.7579595	0.6692708	0.060673986	0.6151674	0.6576756	4.7782157E-4	100.0	300.0	
SMAD4_9892	50554	smad4	0.028340877779964573	0.5171071937397665	-1.1611513	1.1611513	-1.0370188	-1.0191886	-1.0994496	-1.0340294	-1.093852	-1.0988176	-1.1611513	-1.0640004	-1.1586468	0.60231984	0.8099883	0.036390133	0.36654997	0.04958436	0.10854496	0.009633502	0.052029688	0.044095486			
SNCA_9908	29219	snca	0.045745105872952455	0.5564025793833483	-1.583166	1.583166	1.0683926	1.0306486	1.0859003	-1.254593	-1.0439093	-1.4855001	-1.0367979	1.0151652	-1.583166	0.5353263	0.88547456	0.64467347	0.04812329	0.69970167	0.1436375	0.73487896	0.8845105	0.04086722			
ST3GAL2_9946	64442	st3gal2	0.034652450276809514	0.5233558441558441	-1.8472332	1.8472332	-1.0109835	1.0543867	-1.3790153	1.1089301	-1.4150646	-1.1309332	1.0524994	1.0220646	-1.8472332	0.92405134	0.7276346	0.052775357	0.33320475	0.168423	0.48182198	0.6658151	0.87159145	0.22884822			
STAMBP_9954	171565	stambp	0.022364217252396165	0.4795882144124955	-1.4487981	1.4487981	-1.0815579	-1.1324512	-1.1583654	-1.1678364	-1.1281501	-1.4487981	-1.3324791	-1.133601	-1.2537093	0.21301311	0.11313211	0.05537462	0.027691623	0.18674836	0.011170159	0.010487247	0.19990475	5.528517E-4			
STAT1_32366	25124	stat1	0.028724247226624405	0.5171071937397665	-1.1075721	1.1075721	-1.014005	-1.0492674	-1.0544573	-1.0066715	-1.0290198	-1.0654371	-1.08329	-1.000249	-1.1075721	0.61772186	0.16594112	0.03931569	0.8374681	0.5905495	0.016314475	0.10138306	0.99195516	0.007339511			
STX4_9967	81803	stx4	0.00351150994927819	0.23017292784734644	-1.0818824	1.0818824	-1.0162864	1.0062287	-1.0318385	-1.0152426	-1.0366607	-1.0299814	-1.0611645	-1.020522	-1.0818824	0.53630674	0.85718125	0.14882085	0.64676744	0.09850514	0.15852855	0.016952474	0.44969094	0.008038933			
SULT1C2_33309	171072;316153	sult1c2;sult1c2a	7.979253939756633E-4	0.15678310316815597	-2.232121	2.232121	-1.0790275	-1.219201	-2.232121	-1.2063985	-1.7533284	-1.9091115	-1.6202987	-1.3011559	1.2750282	0.59066325	0.19069639	0.022547659	0.20402671	3.346473E-4	0.0014983233	0.009279649	0.060474645	0.051576573	0.1	0.3	
SULT1E1_32446	360268	sult1e1	0.04410297345839154	0.5524096851551017	-5.850852	5.850852	-1.6900126	-2.600427	-3.2470102	-1.4735641	-5.850852	-1.7418586	-5.0431905	-2.3748107	-1.448823	0.09679292	0.029211357	0.017501906	0.3816233	1.37779225E-5	0.103579395	7.747124E-4	0.058861654	0.40923563	0.01	0.1	
TBP_9986	117526	tbp	0.025830997196635962	0.5171071937397665	-1.1727755	1.1727755	1.0483762	1.0235527	-1.0339305	-1.0471524	-1.0122116	-1.0837035	-1.1058283	-1.0464201	-1.1727755	0.41965404	0.6799975	0.49021432	0.366201	0.85817987	0.25201362	0.081864856	0.47692838	0.17134537			
TCFL5_9994	311715	tcfl5	0.006203722233340004	0.302538430420712	1.6815202	1.6815202	1.1787952	-1.0853579	-1.1472516	1.0015526	-1.0341746	1.0335169	-1.1109806	-1.071011	1.6815202	0.3679783	0.7076046	0.45848212	0.9937407	0.8660875	0.84803665	0.58685404	0.79902446	0.03224874			
TERT_9999	301965	tert	0.040392156862745096	0.5470555920942141	2.0511916	2.0511916	1.482663	1.1280788	1.2223533	1.3794334	1.0467958	1.3565955	1.0822163	2.0511916	1.9628654	0.22300148	0.77003926	0.60183376	0.49825236	0.91135144	0.21479602	0.85189134	0.003023737	0.03550706	30.0	100.0	
TG_32506	24826	tg	0.004661099242571373	0.24534331467716589	-1.5867994	1.5867994	-1.2593929	-1.3420042	-1.17932	1.1794204	1.4115883	1.3566059	-1.0849398	-1.2566488	-1.5867994	0.051596977	0.0338301	0.24674028	0.39057374	6.4462295E-4	0.0016796655	0.62120444	0.044850446	0.06180732			
TIMM9_10021	171139	timm9	0.04433094994892748	0.5524096851551017	-1.0956551	1.0956551	-1.0443244	-1.0010456	-1.0349793	-1.0146554	-1.0299262	1.0158617	-1.0373067	-1.0171558	-1.0956551	0.28015295	0.9673371	0.26785043	0.658183	0.45768914	0.47648007	0.13488917	0.6049637	0.1276339			
TIPARP_10024	310467	tiparp	0.016043866774979692	0.42709879828566627	-1.1166487	1.1166487	1.013708	-1.0030061	1.0210687	-1.0035685	1.0131798	-1.0346054	-1.0109353	-1.0278102	-1.1166487	0.5639487	0.9545631	0.5525833	0.8772048	0.5773507	0.44575864	0.748223	0.33670714	0.06999323			
TLR2_10029	310553	tlr2	0.020970394736842105	0.46492558920609184	-1.4427924	1.4427924	1.0458127	-1.1024097	1.0489024	-1.0876163	-1.0726433	-1.0802789	-1.0183578	-1.0237108	-1.4427924	0.48963803	0.41298273	0.53171	0.28494942	0.6235583	0.27827644	0.84903955	0.81634176	0.06663474			
TMCO1_10035	289196	tmco1	0.041536050156739814	0.5470555920942141	-1.0257379	1.0257379	1.0161195	-1.0025876	1.0016899	1.0114233	1.0087433	-1.0071641	-1.009956	1.000107	-1.0257379	0.23729488	0.8214072	0.8771522	0.39659008	0.61925733	0.5627231	0.38442072	0.99079895	0.03881429			
TNFRSF1A_32996	25625	tnfrsf1a	0.014611338398597311	0.422607665369358	1.2328928	1.2328928	1.0875039	1.2328928	1.0292815	1.1596633	1.0634394	1.1452913	1.1217401	1.1514894	1.1849071	0.23106126	0.004435103	0.7642877	0.1729568	0.3776102	0.042111073	0.09213041	0.043743495	0.03705209			
TOMM70A_10058	304017	tomm70	0.009954210631096954	0.3751561993798305	-1.0622187	1.0622187	1.0009475	-1.0194714	-1.0099251	1.0218762	1.0159954	-1.015424	-1.0137583	1.0014693	-1.0622187	0.952098	0.33275324	0.5361956	0.23632388	0.4564363	0.2840041	0.45586848	0.9025087	0.12972303			
TRAPPC3_10075	362599	trappc3	0.004033884630899556	0.23255124533209653	-1.0591037	1.0591037	1.0144266	1.0383804	1.0488085	1.0229582	1.0457882	1.0182043	1.0310735	1.0335752	-1.0591037	0.39366984	0.08803732	0.026431797	0.15248588	0.11062211	0.45772052	0.26352414	0.21854405	0.022978697			
TTR_10102	24856	ttr	0.0037015390609779855	0.23169633689797337	-1.6755701	1.6755701	-1.3956554	-1.6755701	-1.3422133	-1.4441143	-1.5598953	-1.4560057	-1.4013575	-1.4947613	-1.5404809	0.0022397912	2.5210105E-5	0.1901289	5.7981466E-5	1.464678E-4	3.08364E-4	3.0622786E-4	0.094878644	0.09410126			
TXNDC9_10111	280671	txndc9	0.004116839835326407	0.23255124533209653	-1.0252382	1.0252382	1.0039753	-1.0066723	-1.0146793	1.0032686	-1.0021336	-1.0123029	-1.0090312	-1.0183083	-1.0252382	0.58507913	0.4048859	0.079424195	0.68536884	0.75816196	0.14697304	0.36013615	0.050871063	0.027828097			
UBA3_32850	117553	uba3	0.013352215253894396	0.4123164070402589	-1.0401182	1.0401182	-1.0084884	1.0062126	-1.0238934	-1.0051008	-1.0061483	-1.000165	-1.0041859	-1.012093	-1.0401182	0.6144135	0.52955395	0.021426167	0.6996188	0.67145365	0.9861776	0.7315501	0.42550606	0.0011781964			
UBE2A_10117	298317	ube2a	0.03275414419812263	0.5171071937397665	1.195341	1.195341	1.069205	1.0891616	1.195341	1.0228903	1.1460937	1.0050681	1.068843	1.0772611	-1.1065347	0.3150767	0.36972764	0.002865738	0.72665066	0.05069161	0.9108562	0.12642391	0.13856265	0.25231445			
UBE3C_10127	362294	ube3c	0.04582155833669762	0.5564025793833483	-1.0577863	1.0577863	1.0464779	1.004072	1.0290129	-1.0118924	1.0252359	-1.0129464	-1.0254745	1.020283	-1.0577863	0.0039201276	0.8872828	0.17786267	0.49759892	0.4731809	0.6538401	0.322852	0.4730609	0.24691829			
UBR7_10129	314399	ubr7	0.039672544080604534	0.5470555920942141	-1.1311816	1.1311816	1.0100724	-1.0030884	-1.0278153	1.0090576	1.0332152	1.0086098	1.0343845	1.003201	-1.1311816	0.7783518	0.9261951	0.5874602	0.8482094	0.45575997	0.849241	0.35870028	0.95189786	0.10606436			
UFM1_10130	365797	ufm1	0.015720180782078996	0.42709879828566627	-1.0606064	1.0606064	1.0091833	1.0025041	1.0118961	1.0126637	1.0435137	-1.0049556	-1.0013942	1.0095443	-1.0606064	0.78221685	0.88404524	0.5274836	0.57664627	0.17642823	0.8380282	0.93456566	0.62219316	0.017405827			
VEGFA_32415	83785	vegfa	0.030191004313000615	0.5171071937397665	1.1398836	1.1398836	-1.0021585	1.0299274	-1.0223522	1.1231418	-1.0206659	1.0202047	1.0089633	1.0979218	1.1398836	0.95117784	0.41267353	0.4594426	0.12340794	0.6332484	0.40605995	0.6612788	0.0058171046	0.2503948			
VPS37A_10159	290775	vps37a	0.00457190357439734	0.24534331467716589	-1.0480508	1.0480508	1.0106224	1.0431864	1.0090232	1.016731	-1.0068234	1.0074118	1.0037163	1.0153705	-1.0480508	0.33481067	8.8500296E-4	0.5864009	0.13533631	0.764494	0.59912914	0.8438385	0.17911385	0.1318289			
WDR12_10166	363237	wdr12	0.009236947791164659	0.36864305610823717	-1.1341721	1.1341721	-1.0049218	1.008769	-1.0090103	1.0218325	-1.0115607	1.0011085	-1.0033011	-1.0166177	-1.1341721	0.8767959	0.76448643	0.7404995	0.17392848	0.75474477	0.96645427	0.93306077	0.53875625	0.06321176			
YME1L1_32545	114217	yme1l1	0.015953307392996108	0.42709879828566627	-1.0710108	1.0710108	-1.0015985	1.0029718	1.0016215	1.0152451	1.0299054	-1.0133321	1.012556	1.0390346	-1.0710108	0.9389677	0.88031554	0.951984	0.42188248	0.32236156	0.5424988	0.6970523	0.03440306	0.09234954			
ZCCHC18_32845	102555659	zcchc18	0.0348	0.5233558441558441	-1.2617688	1.2617688	1.0048716	-1.1554967	-1.0284079	-1.1380528	1.0137246	-1.0618969	-1.0545634	-1.0320776	-1.2617688	0.9317736	0.06927724	0.49787748	0.21885358	0.77755386	0.36476704	0.23194519	0.70218873	0.24631496			
ZDHHC6_10196	361771	zdhhc6	0.01054936305732484	0.3878146800121322	-1.0704613	1.0704613	1.0208606	1.0386245	-1.0309625	1.0206094	1.0128108	-1.0063318	-1.0179962	1.0002434	-1.0704613	0.5082846	0.1382829	0.28475037	0.41084227	0.6007665	0.8658921	0.4803869	0.9927851	0.016261453			
ZEB2_33022	311071	zeb2	0.019020639417239985	0.45888362589393517	-1.1491581	1.1491581	-1.016226	1.0097758	-1.0156548	-1.0168664	1.0098814	1.0208012	-1.0219313	1.0309631	-1.1491581	0.76272315	0.7464697	0.67849267	0.69563055	0.80812865	0.6051677	0.41117975	0.47979197	0.02589192			
ZFAND2A_10197	360772	zfand2a	0.0028237192416296895	0.23017292784734644	-1.3208992	1.3208992	-1.1389039	-1.1535853	-1.1023676	1.0284488	-1.2320583	-1.0498664	-1.0392131	-1.0357064	-1.3208992	0.096167244	0.080972575	0.12581621	0.63812786	0.048683472	0.27661374	0.30017233	0.46855134	4.074862E-4			
