Williams Trend Test
Data Source: P2_Perfluoro_3_methoxypropanoic_acid_Female_Lung-expression1
Work Source: null
BMDExpress3 Version: BMDExpress 3.20.119 BETA
Timestamp (Start Time): 12/14/2025 07:31.04
Number of Permutations: 10000
Unadjusted P-Value Cutoff: 0.05
Multiple Testing Correction: false
Filter Out Control Genes: true
NOTEL/LOTEL Test: T-Test
NOTEL/LOTEL p-Value Threshold: 0.05
NOTEL/LOTEL Fold Change Threshold: 2.0
Total Run Time: 16 seconds

Chip: BioSpyder S1500_Rat
Provider: BioSpyder

=== Experiment Description ===
Experiment Type: in vivo
Test Article: Perfluoro-3-methoxypropanoic acid | CAS: 377-73-1 | DSSTOX: DTXSID70191136
Subject Type: in vivo
Species: rat
Strain: Sprague-Dawley
Sex: female
Organ: lung
Article Route: oral
Article Vehicle: feed
Administration Means: dietary
Study Duration: 28d
Platform: BioSpyder S1500+ Rat
Provider: BioSpyder
Article Type: chemical
Chip File Creation Date: 10/31/24
Log Transformation: NONE
BMDExpress3 Version: BMDExpress 3.20.119 BETA
Timestamp: 12/14/2025 07:06.33

Probe ID	Gene ID	Gene Symbol	Unadjusted P-Value	Adjusted P-Value	Max Fold Change	Max Fold Change Unsigned	FC Dose Level 1	FC Dose Level 2	FC Dose Level 3	FC Dose Level 4	FC Dose Level 5	FC Dose Level 6	FC Dose Level 7	FC Dose Level 8	FC Dose Level 9	NOTEL/LOTEL T-Test p-Value Level 1	NOTEL/LOTEL T-Test p-Value Level 2	NOTEL/LOTEL T-Test p-Value Level 3	NOTEL/LOTEL T-Test p-Value Level 4	NOTEL/LOTEL T-Test p-Value Level 5	NOTEL/LOTEL T-Test p-Value Level 6	NOTEL/LOTEL T-Test p-Value Level 7	NOTEL/LOTEL T-Test p-Value Level 8	NOTEL/LOTEL T-Test p-Value Level 9	NOTEL	LOTEL
ACOT1_7968	50559	acot1	0.01951219512195122	0.7728154936740392	-1.8097908	1.8097908	-1.2630941	-1.1220776	-1.1023078	1.2362572	1.3220302	-1.0745248	1.0727128	-1.8097908	1.7251801	0.579101	0.2707985	0.5688848	0.11871738	0.28590724	0.72540325	0.77652955	0.034647398	0.22710866			
ACOT2_7969	192272	acot2	0.0410958904109589	0.8532168834292644	1.2807015	1.2807015	1.1334599	1.0533953	1.2390574	1.1261586	1.0788461	-1.0456636	1.0185989	1.0351694	1.2807015	0.26908877	0.6130226	0.01573784	0.21268518	0.37529707	0.665653	0.91987044	0.7174962	0.17974219			
AEBP1_33321	305494	aebp1	0.017317760773258157	0.7728154936740392	1.1124377	1.1124377	-1.0779065	1.0047568	-1.0604336	1.0402606	1.0975194	1.0603703	1.0175122	1.0927094	1.1124377	0.23052466	0.90414715	0.2731256	0.25649175	0.098756365	0.22346342	0.73464435	0.058058053	0.057363726			
AGL_8002	362029	agl	0.04770531400966183	0.8706219806763285	-2.8251073	2.8251073	-1.9376059	-1.198071	-1.5365614	-1.4518342	-1.3128289	-2.8251073	-2.0206249	-1.8661485	1.0687265	0.042137485	0.09292103	0.016878393	0.021923212	0.15266652	0.011555752	0.017822517	0.055273037	0.516926	3.0	10.0	
BAMBI_8130	83837	bambi	0.013584752635847526	0.7728154936740392	-1.0795295	1.0795295	-1.0196828	1.0001618	1.0046662	1.0190471	-1.002123	1.0029293	-1.0066427	1.0007694	-1.0795295	0.38472098	0.9953789	0.85308367	0.26492062	0.93592113	0.8689018	0.7267966	0.9780306	0.02003084			
BIRC5_8148	64041	birc5	0.039473684210526314	0.8532168834292644	-1.383491	1.383491	-1.0561992	-1.0872825	-1.1753204	-1.1834046	-1.064513	-1.3741765	-1.383491	-1.1159327	-1.1158088	0.010793521	0.33771178	0.06556443	0.14403333	0.10021548	0.020028621	0.0059651244	0.041890014	0.32168412			
BNIP3_8154	84480	bnip3	0.004889975550122249	0.47608695652173916	1.1352735	1.1352735	-1.0163071	1.0403836	1.0716624	1.0536515	1.088706	-1.0161	-1.0455936	1.0322355	1.1352735	0.65593433	0.021889882	0.05396185	0.010738343	0.04050194	0.6874889	0.23274691	0.3706163	0.18444356			
BST1_32671	81506	bst1	0.024508850418206576	0.8163210534790931	1.1450641	1.1450641	1.0742445	1.0301362	1.0574679	1.024272	1.0754476	1.0468829	-1.0282549	1.0508235	1.1450641	0.08546937	0.630872	0.2906026	0.59274304	0.2363683	0.27425653	0.6539115	0.49408677	0.011774698			
C3_8175	24232	c3	0.04185381788485096	0.8532168834292644	1.1160264	1.1160264	-1.0076035	1.0468936	1.0384655	1.0248411	-1.0180202	1.0658535	1.1040792	1.1160264	-1.0218326	0.769755	0.11506553	0.17054261	0.30623433	0.5352632	0.061291147	0.048083764	0.018762417	0.34818748			
CD83_32673	361226	cd83	0.022285251215559156	0.8000770518372877	-1.0889045	1.0889045	-1.0241588	1.0487196	1.0250257	-1.052856	1.0111796	-1.0331482	1.0174669	1.0250738	-1.0889045	0.3594946	0.12087468	0.5485194	0.072055094	0.71904224	0.3792986	0.4745399	0.38465968	0.10451986			
CDC6_32573	360621	cdc6	0.015296757087497451	0.7728154936740392	-2.704736	2.704736	-1.3187824	-1.1161448	-1.2656769	-1.1087608	-1.2725745	-2.704736	-2.316194	-1.4486202	-1.079329	0.17174171	0.25246894	0.0278642	0.36115605	0.06736575	0.0040805074	0.013309087	0.0011787317	0.49086633	3.0	10.0	
CDCA4_8261	500727	cdca4	0.03142292490118577	0.8532168834292644	1.3341923	1.3341923	1.0349606	1.1936595	1.2358195	1.2423582	1.1506785	1.1691554	1.1465081	1.3341923	-1.0267358	0.75728714	0.02608281	0.011734458	0.006797522	0.020344703	0.014122843	0.13873494	4.579256E-5	0.7008432			
CDO1_8275	81718	cdo1	0.0022736668044646548	0.31120814386109963	1.1539279	1.1539279	1.0546416	1.0153496	1.0525414	1.0336264	1.0637559	1.0408983	-1.0134181	1.0665267	1.1539279	0.13680942	0.6502592	0.24651399	0.42477268	0.063492134	0.34342217	0.7090421	0.090857565	0.09324906			
CENPT_32437	307805	cenpt	0.02280524722502523	0.8055401842387943	-4.827492	4.827492	-1.4011935	-1.137614	-2.0050006	-1.4550092	-1.4118794	-2.1970375	-4.827492	-2.0684698	-1.175408	0.25917634	0.53817225	0.031510387	0.097729065	0.099663615	0.0141133135	8.836723E-5	0.0038392984	0.24729744	0.1	0.3	
CERK_8293	300129	cerk	0.03431667670078266	0.8532168834292644	-1.0970387	1.0970387	-1.0193111	1.0106664	1.0755868	1.0048287	1.0496686	-1.0604068	1.0007501	1.0640451	-1.0970387	0.47984672	0.70738304	0.04545552	0.92171067	0.1218714	0.04508413	0.9839693	0.010408912	0.4063864			
CHP1_33118	500462;64152	chp1l1;chp1	0.04940944881889764	0.8747525268313014	1.1651161	1.1651161	1.1099545	1.0068105	1.0443883	1.0735364	-1.0678887	1.0241698	-1.0251502	-1.0536034	1.1651161	0.031846825	0.9107568	0.43105352	0.39480314	0.1356634	0.75476915	0.7716746	0.4501969	0.08070977			
COL12A1_32305	25683	col12a1	0.04129554655870445	0.8532168834292644	-1.2452123	1.2452123	-1.2355558	1.0489657	-1.0113379	-1.0117434	-1.0282943	-1.0464586	-1.1228817	1.1004853	-1.2452123	0.020934401	0.54737824	0.8751251	0.8940818	0.7082068	0.62745374	0.21007699	0.20608263	0.22064425			
COPS7A_8361	312710	cops7a	0.023655479175090983	0.8094609280226446	1.0709554	1.0709554	1.0197985	1.0183433	-1.0574259	1.0177252	1.0156809	1.0330213	1.0296468	1.0104598	1.0709554	0.54435766	0.51310134	0.057117242	0.3959823	0.5943134	0.08449006	0.06707445	0.5983646	0.120838836			
CP_8366	24268	cp	0.03202357563850688	0.8532168834292644	1.0844537	1.0844537	-1.009715	1.0410862	1.0406605	1.0154288	1.0596926	-1.0102122	-1.025898	1.058265	1.0844537	0.6911786	0.03802501	0.17090233	0.49658313	0.019009937	0.75987446	0.5265837	0.21389142	0.23620641			
CXCL10_8408	245920	cxcl10	0.033378879562756196	0.8532168834292644	1.5671092	1.5671092	1.1756835	-1.1785173	-1.2926348	1.0292081	-1.0310987	1.2558717	1.2603266	1.2882072	1.5671092	0.42689794	0.59633964	0.44950876	0.9086971	0.8755764	0.354416	0.2713729	0.17131233	0.16164257			
CYP11A1_32785	29680	cyp11a1	4.0064102564102563E-4	0.21935096153846154	-1.265466	1.265466	1.1887344	1.082009	1.1248473	1.0136988	1.0559444	1.010278	1.1369088	-1.0345254	-1.265466	0.027427303	0.22982003	0.07277964	0.8058748	0.37665784	0.89689314	0.03040773	0.69481975	0.0077773607			
CYP3A2_32374	266682	cyp3a2	0.0039159109645507005	0.4711395459774953	-2.0882213	2.0882213	-1.1698903	-1.1599061	-1.4318923	-1.3532683	-1.2384455	-1.9510655	-2.0882213	-1.486893	-1.2469531	0.08349206	0.17219454	6.3134497E-4	6.0346455E-4	0.010938227	0.0010310444	0.019802526	0.0061520725	0.24799727	10.0	30.0	
DDB2_8446	100362121	ddb2	9.96810207336523E-4	0.2576546369010853	1.0915533	1.0915533	1.0280397	1.0148826	1.0131766	1.0334392	1.0067204	1.0459282	1.0034345	1.0209665	1.0915533	0.12401867	0.52588654	0.5382871	0.18206382	0.65133995	0.01338814	0.9217493	0.24050471	0.012344923			
DENND2D_8461	310772	dennd2d	0.027676027676027677	0.8421752896793318	-1.0733675	1.0733675	-1.0062456	-1.0116262	-1.0125799	-1.019398	-1.0489389	1.0141697	1.0283948	-1.0009935	-1.0733675	0.8286776	0.6756149	0.56758714	0.58743334	0.102601394	0.5405553	0.18697359	0.9614432	0.0081149535			
DTX3L_8500	498089	dtx3l	0.019703432866138532	0.7728154936740392	-1.1262472	1.1262472	-1.0035397	1.0476955	-1.070505	-1.0490427	-1.0007544	-1.0127264	-1.0331588	1.0361823	-1.1262472	0.8998455	0.20585756	0.16066986	0.18501405	0.98178345	0.828705	0.4671443	0.33351305	0.12123129			
DUSP6_8506	116663	dusp6	0.04404567699836868	0.8532168834292644	1.0617878	1.0617878	-1.0170561	1.0269713	1.0245979	-1.0040474	1.0290495	1.0183498	-1.0065548	1.0467525	1.0617878	0.27094805	0.18363763	0.14130674	0.8514658	0.32331935	0.3227544	0.74658567	0.0019119116	0.39606076			
ECH1_8516	64526	ech1	0.0456754130223518	0.8532168834292644	-1.0380083	1.0380083	1.0131105	-1.013458	-1.0013137	1.0094334	-1.0235693	-1.0048604	-1.0040756	-1.0380083	1.02819	0.28702018	0.29621872	0.91569644	0.44361365	0.31120044	0.68642324	0.8251868	0.08119123	0.12585047			
EIF4EBP1_8550	116636	eif4ebp1	0.01594896331738437	0.7728154936740392	1.0810122	1.0810122	1.0651467	1.0194803	1.0081475	1.0163043	1.0103562	1.0371072	1.0200797	1.0432187	1.0810122	0.038610008	0.5120116	0.7515003	0.633177	0.6363328	0.050856978	0.4566833	0.12740485	0.009290259			
ENOPH1_8559	305177	enoph1	0.008467741935483872	0.6868279569892474	-1.1906451	1.1906451	-1.127175	-1.0177609	-1.028435	-1.0424281	-1.0750875	-1.0128168	-1.0428803	1.0303345	-1.1906451	0.0073678875	0.6486627	0.62178993	0.4610348	0.14640205	0.81196696	0.4395788	0.28192607	0.119437166			
ERO1LB_32533	364755	ero1b	0.01966349077640381	0.7728154936740392	-1.658484	1.658484	-1.0282226	-1.0067577	-1.33902	-1.2632307	-1.2289059	-1.1844317	-1.658484	-1.3816984	-1.0645393	0.6833992	0.9279717	0.03876868	0.034989502	0.12260629	0.16576327	1.8163148E-4	0.022923226	0.4967117			
EXOSC5_32543	308441	exosc5	0.04234463830621447	0.8532168834292644	1.1416954	1.1416954	1.0398263	1.0121356	1.0053145	1.066236	1.0139629	1.0208534	1.040647	-1.0443839	1.1416954	0.38291818	0.81828225	0.90239376	0.3473424	0.8213337	0.66383135	0.44671285	0.52829534	0.10228524			
F3_32469	25584	f3	0.01768092105263158	0.7728154936740392	1.112117	1.112117	-1.0316548	1.044053	-1.0018783	1.013226	-1.027629	1.0801672	1.031554	1.0895615	1.112117	0.5157928	0.12677984	0.9554042	0.49696925	0.38534403	0.051449966	0.40622878	0.062733054	0.23119251			
FANCD2_32782	312641	fancd2	0.020015546055188495	0.7728154936740392	-1.671069	1.671069	-1.2378502	-1.0000362	-1.1461335	-1.1974405	-1.0774904	-1.671069	-1.5309416	1.08448	1.206086	0.28564945	0.9997513	0.3881233	0.2774579	0.56658727	0.0070732925	0.0021657497	0.45246837	0.042858746			
FGF1_8633	25317	fgf1	0.0397324143523211	0.8532168834292644	-1.1528633	1.1528633	1.0681808	1.0166672	-1.0370411	1.0127585	-1.004574	1.1137706	1.0620137	1.0264771	-1.1528633	0.40116364	0.7775352	0.61065507	0.82375985	0.9116646	0.04967306	0.1541469	0.7304943	0.045785487			
FKBP10_33287	360627	fkbp10	0.04396482813749001	0.8532168834292644	1.088846	1.088846	-1.0803864	1.0583309	1.0576187	1.0087137	1.0378048	1.088846	1.0025042	1.0811796	1.0868611	0.15115224	0.23784718	0.30243036	0.73009497	0.30718768	0.054423142	0.9536381	0.088470824	0.230954			
FKBP5_8650	361810	fkbp5	0.0344972654606647	0.8532168834292644	1.1761681	1.1761681	1.0305641	1.0331126	1.0564095	1.0288707	1.0770655	1.0170028	1.0110075	1.0603677	1.1761681	0.54135513	0.34336588	0.19711065	0.4256666	0.0023674774	0.71719617	0.765871	0.1391272	0.3289179			
FMO3_8654	84493	fmo3	0.0012424932698281218	0.2576546369010853	1.2286682	1.2286682	1.1060426	1.0598962	1.0603131	1.0704397	1.1491278	1.0401155	1.0503839	1.0683067	1.2286682	0.036779236	0.077312835	0.18448326	0.057668783	0.020622382	0.48608616	0.34198081	0.37378356	0.06583801			
GADD45B_8679	299626	gadd45b	0.0015455950540958269	0.2576546369010853	1.266521	1.266521	1.1239746	1.093017	1.0234663	1.0169096	1.0811871	1.0380353	1.0592282	1.0956495	1.266521	0.017262554	0.1914332	0.85495645	0.79299223	0.33692768	0.5034974	0.28088483	0.120000586	0.010485304			
GAP43_32848	29423	gap43	0.019283209972730815	0.7728154936740392	1.9644071	1.9644071	1.9644071	1.7861326	1.6014878	1.7552512	1.3144766	1.646448	1.600355	1.7066383	1.4292624	0.0045124064	0.013181428	0.042032015	0.039843153	0.27813408	0.062945545	0.040762186	0.023422375	0.35784972			
GBE1_32816	288333	gbe1	0.009120900446341937	0.6887852406030636	1.1041286	1.1041286	1.0256908	1.060235	1.0366945	1.0119333	1.00408	-1.0328269	1.0191201	1.0111147	1.1041286	0.35904992	0.03453686	0.1819268	0.7530136	0.91683483	0.44922403	0.44623047	0.6782977	0.04721002			
GLUL_32832	24957	glul	0.01564129301355579	0.7728154936740392	1.0739108	1.0739108	1.0463408	1.0245365	1.0497005	1.0421576	1.0630736	1.023187	1.0363872	1.0150344	1.0739108	0.03177119	0.046875857	0.025522191	0.03962303	0.07374225	0.042485736	0.0376049	0.4163899	0.23573811			
HMGB2_8808	29395	hmgb2	0.03093812375249501	0.8532168834292644	-1.0892632	1.0892632	-1.0515642	-1.0892632	-1.0528827	-1.0299426	-1.0415933	1.0266241	1.0194851	1.0116243	-1.0159605	0.018315924	0.00442581	0.03071927	0.31078646	0.029160043	0.24247874	0.23462903	0.5321953	0.58131117			
HMGCS2_8812	24450	hmgcs2	0.0014314928425357874	0.2576546369010853	1.1514263	1.1514263	1.0638412	1.0202775	1.0395684	1.0646607	1.05912	-1.0238369	-1.0357772	-1.0220617	1.1514263	0.05284518	0.63414526	0.19414103	0.27341917	0.07951236	0.44794127	0.3395569	0.6478165	0.021884926			
HPRT1_8824	24465	hprt1	0.033152501506931886	0.8532168834292644	1.0643139	1.0643139	-1.0163782	-1.0163647	-1.0313402	-1.00393	-1.0439802	1.0014923	-1.0082366	-1.0065085	1.0643139	0.5863956	0.50619173	0.2566108	0.8749937	0.14348194	0.9671637	0.7709385	0.8115449	0.35806194			
HSD3B_8835	360348;682974	hsd3b1;hsd3b3	2.021018593371059E-4	0.15192507804370448	-1.2121619	1.2121619	1.0135697	1.0078796	-1.0112338	1.0335919	1.0324751	-1.0060945	-1.0118421	-1.0121768	-1.2121619	0.55284953	0.75471944	0.57608974	0.16763084	0.35715732	0.7838457	0.6778879	0.57916147	0.0025777502			
HSPA1A_8841	24472	hspa1a	0.030309112806101966	0.8532168834292644	-1.1574298	1.1574298	-1.1104035	1.0366492	1.0705967	-1.0425364	1.0767934	-1.0072017	-1.0495857	1.0710926	-1.1574298	0.10144734	0.4602823	0.12574318	0.3747255	0.24419801	0.8927088	0.42141315	0.3073737	0.009146318			
HTRA1_8856	65164	htra1	0.02962515114873035	0.8532168834292644	-1.0442408	1.0442408	-1.0324208	1.0061018	1.0087445	-1.0069774	1.0036174	-1.016019	-1.0092046	1.0031625	-1.0442408	0.003451775	0.71515596	0.54468894	0.57653856	0.8341702	0.28557	0.5404952	0.810517	0.19717911			
ICAM1_8859	25464	icam1	0.03437876960193004	0.8532168834292644	-1.0769136	1.0769136	-1.0397975	1.0135996	-1.0112479	-1.0215123	-1.0150768	-1.0229719	-1.0274465	1.0193552	-1.0769136	0.06659057	0.68910265	0.7242927	0.43415362	0.6007245	0.43946525	0.31107154	0.45374233	0.053964462			
IDH3A_33174	114096	idh3a	0.020114375862748966	0.7728154936740392	-1.0281216	1.0281216	-1.008285	1.0126809	1.0147834	-1.0012649	-1.0200533	-1.0017861	1.0042963	1.0061302	-1.0281216	0.41197363	0.16513844	0.40619308	0.8684848	0.08970927	0.82110506	0.5242308	0.46031103	0.13344792			
IFITM2_8870	114709	ifitm2	0.02933124755572937	0.8532168834292644	1.0675538	1.0675538	1.0114517	-1.0102583	1.0092249	-1.01282	-1.0406708	-1.0023433	-1.0061212	-1.0274653	1.0675538	0.6895163	0.6406922	0.6692608	0.67824167	0.26297155	0.92776	0.8617545	0.37791872	0.06333504			
IGF2BP2_8878	303824	igf2bp2	0.03616636528028933	0.8532168834292644	1.0823038	1.0823038	-1.0108968	-1.0026693	1.0052239	1.0115695	1.0052085	1.0416628	1.0075021	1.0247146	1.0823038	0.75173175	0.93320054	0.83143353	0.78022575	0.8911355	0.22449434	0.82573	0.34382358	0.11090253			
IL1B_8892	24494	il1b	0.004415897230028101	0.4711395459774953	1.1585345	1.1585345	1.0168906	-1.046465	-1.017159	-1.0301703	-1.0167335	-1.0085891	1.0546445	1.0122864	1.1585345	0.6602756	0.2140025	0.6273366	0.5104263	0.7422149	0.8604105	0.123606734	0.7674002	0.16119471			
IMPDH2_8901	301005	impdh2	0.02920696324951644	0.8532168834292644	1.0669888	1.0669888	1.0288376	-1.0063897	-1.0123022	1.0159465	-1.0529423	1.002437	1.0302275	-1.0298097	1.0669888	0.28880912	0.82388175	0.6933814	0.5697913	0.10549385	0.9451859	0.27485365	0.35252228	0.25040936			
IVD_8932	24513	ivd	0.008184980560671169	0.6868279569892474	1.1640128	1.1640128	1.0737585	1.0714183	1.1095349	1.10931	1.1176236	1.118598	1.0535976	1.1640128	1.1043377	0.02072586	0.15624386	0.003316118	0.0010644081	0.064482376	0.0114998175	0.0061562173	0.02970937	0.22885257			
KCNK1_8942	59324	kcnk1	0.03890020366598778	0.8532168834292644	1.0396903	1.0396903	-1.0064832	-1.0093294	-1.0131091	1.0121516	1.0062672	1.0136142	-1.0054893	-1.0218719	1.0396903	0.6433417	0.36708638	0.3175509	0.34834844	0.78870994	0.3791311	0.7485026	0.08489988	0.24880205			
LAMC2_8982	192362	lamc2	0.0016122531237404273	0.2576546369010853	-1.1734335	1.1734335	-1.010662	-1.0059348	1.0041695	1.0046502	-1.0853819	-1.0164645	-1.0307256	-1.0109328	-1.1734335	0.82814425	0.832267	0.9093069	0.89153385	0.021522192	0.714383	0.3014021	0.7812695	2.1262198E-4			
LOC100360856_32354	108351885	spetex2el3	0.026394125818614805	0.8257590791823775	-1.8238779	1.8238779	-1.0936488	-1.1168891	-1.7375932	-1.2445388	-1.1770887	-1.8238779	-1.2959422	-1.3660046	1.0734504	0.35140878	0.30792212	0.0016523381	0.16175792	0.09586991	0.0064199055	0.026823586	0.015638718	0.5735023			
LOC100910898_33247	299053	brms1l	0.009457236842105263	0.6903782894736842	-1.1089417	1.1089417	-1.0097762	-1.0066676	-1.0209965	-1.003166	-1.074671	1.0115836	1.010818	1.0192546	-1.1089417	0.6744252	0.7940729	0.32100302	0.9048231	0.051752474	0.6642707	0.5572569	0.26152498	0.1982407			
LOC100910973_9069	100910973	loc100910973	0.008450123660346249	0.6868279569892474	-1.0534321	1.0534321	-1.0088872	1.0208116	-1.0190724	-1.0207192	-1.0292028	-1.0182748	-1.004082	-1.0036255	-1.0534321	0.5977674	0.14036049	0.24302545	0.2979897	0.098246284	0.3056292	0.78631353	0.8427546	0.029330596			
LOC100910978_33295	100361383	ecm2	0.04057618178129438	0.8532168834292644	1.2060289	1.2060289	1.0971175	1.0417341	1.0825467	1.0661895	1.0406634	1.2060289	1.1214559	1.081864	1.03004	0.042051084	0.43850818	0.06855293	0.24378027	0.25886428	0.0032828522	0.0081154825	0.024704952	0.66816497			
LOC100911946_9096	100911946	loc100911946	0.037866772402854874	0.8532168834292644	-1.0756397	1.0756397	1.0271522	-1.0267569	-1.0479623	1.0019797	-1.0289102	1.0002711	-1.0291172	-1.0756397	1.0436797	0.18317945	0.26457632	0.15222272	0.9000954	0.33622056	0.989319	0.077113874	0.05487968	0.21237648			
LOC100912163_9101	84481	arid4b	0.02610759493670886	0.8257590791823775	1.0405345	1.0405345	-1.0006932	-1.0050604	1.0110844	-1.0055821	1.0060471	1.0156348	1.0004586	1.0012445	1.0405345	0.9696854	0.81044674	0.54295933	0.74858606	0.7772164	0.39908975	0.97982174	0.9454671	0.038216386			
LOC102549726_32764	102549726	loc102549726	0.018751246758428087	0.7728154936740392	1.0713514	1.0713514	1.0713514	1.0327305	1.0150559	1.0436585	1.0046662	1.0355105	1.0142332	-1.01644	1.0584788	8.3824096E-4	0.21992178	0.57391447	0.014571122	0.84304935	0.023846947	0.3574951	0.39234403	0.07123077			
LOC259245_33313	259244	mup4l4	0.004228755537656061	0.4711395459774953	-2.3520787	2.3520787	-1.5231645	-1.1466019	-1.3681214	-1.508193	-1.409755	-2.3520787	-1.914407	-1.4681362	-1.0484365	0.0072359154	0.1163233	0.023149606	0.013516751	0.0060370145	0.0071988963	3.1310038E-4	9.1456925E-4	0.68054116	3.0	10.0	
LOC290595_32588	290595	gpr15lg	0.024601456406219246	0.8163210534790931	1.6488779	1.6488779	1.4545172	-1.2269816	-1.0899533	1.1671373	1.3233333	-1.5963981	1.0259696	1.1960305	1.6488779	0.02597482	0.5573375	0.7069832	0.5497439	0.16085908	0.26769447	0.8878882	0.45704037	0.03315939			
LOC688041_9143	688041	suz12	0.021609833465503568	0.789766081871345	-1.0717094	1.0717094	-1.0092258	1.0047047	-1.0233978	-1.009098	-1.0505978	-1.0325385	1.0056378	-1.0491921	-1.0717094	0.6819056	0.8541843	0.36267027	0.65719813	0.078096755	0.13625523	0.80094564	0.04838679	0.11480092			
LOC689660_33277			0.0012200081333875558	0.2576546369010853	-16.579872	16.579872	-1.0019453	1.3135976	-1.5359443	-1.2524678	-1.1271605	-2.4835937	-16.579872	-5.3150706	1.0793418	0.99255073	0.15165354	0.1611938	0.34745565	0.5182522	0.028964156	1.5163177E-4	9.756483E-4	0.6651635	3.0	10.0	
LOC691603_32330	54269;408240;29269	mcpt10;mcpt8l2;mcpt8	0.0470144812537195	0.8652244869381992	1.1866243	1.1866243	1.0475389	1.1866243	1.1422933	1.0401409	1.1239545	-1.0376447	1.0439126	1.0770293	-1.1714932	0.48948786	0.05072966	0.08724745	0.68770075	0.09590029	0.7643073	0.65808064	0.43196994	0.110482626			
LRG1_32379	367455	lrg1	0.030303030303030304	0.8532168834292644	1.4367912	1.4367912	-1.2818446	1.0807757	1.3139224	-1.113538	1.2055558	1.0058784	1.05471	1.03022	1.4367912	0.14331542	0.6227699	0.028783694	0.5968503	0.4308936	0.97436583	0.67328787	0.9189099	0.018407036			
MAD2L1_9171	297176	mad2l1	0.04418232706917233	0.8532168834292644	-1.0890241	1.0890241	-1.0568595	1.0042884	-1.0635653	-1.0241817	-1.0890241	-1.0459514	-1.0652308	-1.0656172	-1.0616657	0.043429967	0.85126466	0.03444263	0.33674514	0.0037625902	0.14503768	0.0023177755	0.052807253	0.14385302			
MALT1_9176	307366	malt1	0.010191602119853241	0.7199873755638257	-1.2499042	1.2499042	-1.0375859	1.0297099	-1.037407	-1.0374792	-1.0801976	1.0006039	-1.0021	1.0657716	-1.2499042	0.45300645	0.37998354	0.5650005	0.42648005	0.30521327	0.9891863	0.953407	0.08435279	0.15441516			
MAPK10_32770	25272	mapk10	1.9223375624759708E-4	0.15192507804370448	1.8205594	1.8205594	1.5225224	1.5461543	1.4390552	1.7193152	1.7756993	1.8205594	1.4960973	1.584885	1.1472143	0.017887682	0.011298073	0.057789683	0.0028243356	0.0015781334	0.0011492409	0.020576268	0.025264837	0.6234184			
MCL1_9205	60430	mcl1	0.017939931465430357	0.7728154936740392	1.04778	1.04778	-1.0005822	1.0060999	-1.0024132	-1.0028576	1.0281662	1.0043513	-1.003985	1.0168967	1.04778	0.967171	0.6497471	0.8710796	0.8249122	0.17872322	0.8386752	0.7474728	0.16652296	0.041214168			
ME1_9215	24552	me1	0.0015689350853108452	0.2576546369010853	-1.2140973	1.2140973	-1.0235066	1.0821204	1.0525959	1.0250739	1.1239091	1.0532883	1.0294766	1.1414332	-1.2140973	0.54005647	0.11535847	0.074786305	0.6410272	0.040333997	0.39366755	0.62568134	0.035529677	0.08358996			
MGST1_33167	171341	mgst1	0.030513176144244106	0.8532168834292644	1.1050913	1.1050913	1.0242007	1.0445735	1.0807389	1.0749362	1.0957127	1.024697	1.0573477	1.1050913	1.0790591	0.4045557	0.28211257	0.10774159	0.036955297	0.037064288	0.5221073	0.11482914	0.013413361	0.15557058			
MT2A_9256	100362623;689415	mt2-ps1;mt2a	0.04063604240282685	0.8532168834292644	1.3128097	1.3128097	1.1280677	1.0084003	1.067918	1.0330117	1.0208155	1.0266793	1.1824062	-1.2381836	1.3128097	0.08495068	0.92345196	0.4642515	0.61947006	0.9173421	0.8440891	0.12842208	0.1615213	0.0011090125			
MYL2_32406	363925	myl2	0.03956343792633015	0.8532168834292644	-1.9551234	1.9551234	-1.3031461	-1.9551234	-1.6037337	-1.3212382	-1.3486158	-1.710603	-1.6734236	-1.597685	-1.2339029	0.22409128	0.009289746	0.06498816	0.19853713	0.113820195	0.020745993	0.016638063	0.029379906	0.18639636			
NEFH_33218	24587	nefh	0.042435424354243544	0.8532168834292644	1.8808979	1.8808979	1.6564701	1.6892087	1.7887203	1.7939104	1.8808979	1.7295882	1.3391984	1.2040623	-1.0829799	0.03162988	0.0381127	0.014617645	0.01439021	0.010614665	0.019004248	0.2974211	0.43389344	0.81161			
NFKBIA_9307	25493	nfkbia	0.008264462809917356	0.6868279569892474	1.0946087	1.0946087	1.0136101	-1.092415	-1.0466827	-1.0267	-1.0411481	1.0101801	1.0077037	-1.0206807	1.0946087	0.6613575	0.011156463	0.27993652	0.47062203	0.32042664	0.8113194	0.86966044	0.5953217	0.03650142			
NFKBIE_9309	316241	nfkbie	0.04956327442616291	0.8747525268313014	-1.1240722	1.1240722	1.0112343	1.0003346	-1.0179853	1.0756153	1.0375543	1.0422914	1.0391791	1.0458924	-1.1240722	0.8006619	0.9936079	0.84161574	0.11682239	0.3909176	0.45597646	0.35717496	0.34592688	0.21245237			
NPEPL1_9353	311671	npepl1	0.02109787067786677	0.789766081871345	-1.7817159	1.7817159	-1.7817159	1.2665365	1.3935763	1.224913	1.2662462	1.1097943	-1.122788	1.3333201	1.3471661	0.087752074	0.17924762	0.022427388	0.18419993	0.12576175	0.49869427	0.7271506	0.107837714	0.016998425			
NUCB2_9374	59295	nucb2	9.854158454867955E-4	0.2576546369010853	1.0544946	1.0544946	1.0225867	-1.0242801	-1.0079367	1.0065109	-1.0429066	1.0067714	1.0178974	-1.021562	1.0544946	0.18363461	0.17489564	0.6726729	0.6856275	0.06591136	0.7092453	0.2887907	0.29561588	0.0049002655			
OTC_9401	25611	otc	0.012564818508177105	0.7728154936740392	-1.3600953	1.3600953	1.2187278	1.0664563	-1.0885397	-1.186077	1.0012441	-1.0788021	1.098071	-1.2611994	-1.3600953	0.01698149	0.58782005	0.35339776	0.31968287	0.9831209	0.49275625	0.26011184	0.09037644	0.12642398			
P4HA2_9407	360526	p4ha2	0.03858651502843217	0.8532168834292644	1.0629947	1.0629947	-1.0183539	1.0007952	1.0070939	1.0054133	1.0110928	-1.0136956	-1.0319302	-1.0061373	1.0629947	0.35135934	0.9725419	0.6683543	0.74955624	0.57192546	0.54719263	0.13591921	0.7656626	0.33805823			
PC_9434	25104	pc	0.0362	0.8532168834292644	1.3339847	1.3339847	1.0763373	1.0617847	1.3173155	1.1592932	1.2927753	1.1963327	1.2122791	1.1813865	1.3339847	0.6521894	0.5041427	0.061669946	0.23946081	0.01860064	0.11444299	0.16647467	0.13368785	0.062020317			
PGR_32824	25154	pgr	0.01897722732720735	0.7728154936740392	1.3631712	1.3631712	-1.0685909	1.1102946	1.0652343	-1.0906963	1.087906	-1.0482016	-1.1288816	1.0142093	1.3631712	0.4944531	0.44505388	0.58570874	0.6470598	0.31735802	0.74863774	0.43046924	0.90809155	0.06316543			
PIK3C2A_9479	361632	pik3c2a	0.03853873946206343	0.8532168834292644	-1.0480782	1.0480782	-1.0171549	-1.0195602	-1.0158532	-1.0191998	-1.0480782	-1.0260812	-1.001904	-1.0318772	1.0433252	0.3742748	0.36313653	0.57258016	0.3848659	0.15954727	0.34889433	0.94501036	0.13427937	0.19836436			
PIK3R3_9483	60664	pik3r3	0.03659018987341772	0.8532168834292644	-1.0645083	1.0645083	-1.0635846	1.0004393	-1.0193573	-1.0105184	-1.00251	-1.0054249	-1.0268252	1.0148311	-1.0645083	0.012898252	0.9840279	0.44800386	0.6706037	0.9398205	0.8335014	0.2410406	0.4918385	0.053660486			
PKIB_33180	24678	pkib	0.017635270541082163	0.7728154936740392	-1.1565971	1.1565971	1.0331452	1.0339854	1.0542147	-1.0976788	1.0630276	-1.0217354	1.0153933	1.0737661	-1.1565971	0.5791545	0.4441176	0.40257192	0.119973436	0.27440712	0.66950244	0.72640103	0.080985256	0.071854316			
PLAUR_33147	50692	plaur	0.01371769383697813	0.7728154936740392	1.0802913	1.0802913	1.0018183	-1.0669509	-1.0029933	1.0108773	-1.032523	-1.0573425	-1.0323201	1.0438244	1.0802913	0.95463115	0.09436205	0.93104076	0.6390377	0.3770888	0.22395125	0.39306757	0.24381636	0.013960184			
PLOD2_9506	300901	plod2	0.02535155476331947	0.822196481996717	1.2722882	1.2722882	1.022268	1.2016977	1.226139	1.0394665	1.1640103	1.0993643	1.0873262	1.2224234	1.2722882	0.81437266	0.027603863	0.019103583	0.71136713	0.10062201	0.21312462	0.48326436	0.032993793	0.19397752			
POLR3D_9526	306012	polr3d	0.004517776468277352	0.4711395459774953	-1.1895369	1.1895369	-1.1895369	-1.0621192	-1.0016725	-1.0692831	-1.1171381	1.0647577	1.0472667	1.0432304	1.1731843	0.1519935	0.33410296	0.97523534	0.36574355	0.09525015	0.30330876	0.54576355	0.4363223	0.010502411			
PPARGC1A_33189	83516	ppargc1a	0.04287415641127432	0.8532168834292644	-2.0812807	2.0812807	-1.0490445	-1.3869013	-1.4565427	-1.9172926	-1.3244126	-1.5701466	-2.0812807	-1.3423927	1.1017636	0.7113547	0.05875589	0.018883077	0.05086151	0.014140219	0.010135198	0.08288775	0.008742297	0.24140678			
PPOX_9542	289219	ppox	0.023630280217482227	0.8094609280226446	-1.5914369	1.5914369	1.1298628	1.07918	1.1169437	1.0785935	1.1835058	1.0163983	-1.0895658	1.1171604	-1.5914369	0.13357246	0.42724037	0.23389168	0.3529181	0.06290802	0.8584331	0.6573344	0.19987085	0.35819593			
PRELP_32587	84400	prelp	0.01925005013033888	0.7728154936740392	1.2172732	1.2172732	-1.0839528	-1.039313	1.1187187	1.0733469	1.070344	1.0423275	1.0333669	1.0500015	1.2172732	0.39599806	0.5890601	0.13162166	0.42738977	0.33360705	0.6528991	0.7159012	0.6145603	0.07336541			
PSAT1_9583	293820	psat1	0.034761519805982216	0.8532168834292644	1.1235349	1.1235349	-1.0296345	1.0225645	1.0367848	1.032887	1.112387	1.0065728	1.0667205	1.0653267	1.1235349	0.54905176	0.59216	0.30737245	0.4099772	0.011045918	0.9092115	0.21210164	0.087807335	0.31669694			
RAB11FIP2_9636	308003	rab11fip2	0.045936395759717315	0.8532168834292644	1.1785876	1.1785876	-1.0462399	1.0715271	1.1708268	1.0780647	1.1319723	1.0046155	1.0889616	1.1785876	1.0995739	0.62887037	0.47724596	0.020268254	0.21875238	0.050341442	0.93912077	0.29186425	0.015790805	0.2067026			
RAD51_32943	499870	rad51	0.037145079735511476	0.8532168834292644	-1.8047706	1.8047706	-1.2640238	-1.0340981	-1.8047706	-1.2865515	-1.6422442	-1.7585554	-1.456195	-1.3589393	1.1478739	0.13211037	0.79797435	0.0014184759	0.08909661	0.023499236	0.028664095	0.16268589	0.07788753	0.38708413			
RPS5_9747	25538	rps5	0.04492865406864636	0.8532168834292644	1.0227478	1.0227478	1.0144821	1.0049052	1.0013115	1.0030496	-1.0166246	-1.0004989	1.0062528	-1.0147318	1.0227478	0.1147644	0.5407316	0.9010583	0.71473235	0.29456365	0.96119183	0.5007791	0.19493793	0.08002122			
RRP1B_9753	309673	rrp1b	0.018406148867313916	0.7728154936740392	1.3359036	1.3359036	-1.1845697	1.1121033	1.0342544	1.1708126	1.2523977	1.0839218	1.1820077	1.3359036	1.3083179	0.31977248	0.46270475	0.78379196	0.17104681	0.11482102	0.60075045	0.104986295	0.014794813	0.052790266			
RT1-A2_33098	24974	rt1-a2	0.011368250101502234	0.7544384158269664	-1.1241648	1.1241648	-1.0151854	1.048814	1.0254098	-1.0473198	1.0355611	1.0069752	-1.0260633	1.0563835	-1.1241648	0.6474657	0.23963408	0.4262057	0.2407055	0.45114273	0.8088683	0.4741276	0.1840808	0.12991484			
RT1-A2_9758	24974	rt1-a2	0.009116693679092382	0.6887852406030636	-1.1464546	1.1464546	1.007605	1.060523	1.02548	-1.0172626	1.0396287	1.0341715	-1.0041989	1.0708503	-1.1464546	0.77758497	0.11180161	0.5357001	0.67682004	0.46099132	0.36402276	0.90911955	0.094337665	0.22009084			
RT1-CE11_32928	414791;368153	rt1-ce11;rt1-ce7	0.04252259654889071	0.8532168834292644	1.1732782	1.1732782	-1.0508441	-1.0213252	1.0474949	1.0515761	1.0415503	-1.0795599	-1.0174924	1.0259002	1.1732782	0.5132045	0.7856397	0.55166125	0.5830478	0.5281964	0.19657603	0.8177592	0.710813	0.0113605345			
S100A4_9772	24615	s100a4	0.032446085098115404	0.8532168834292644	1.0273724	1.0273724	-1.0227026	1.0011207	-1.0135506	-1.0167595	-1.0137818	-1.0212575	-1.0223712	-1.0061427	1.0273724	0.18874428	0.9366381	0.39984953	0.32739457	0.4019194	0.3210242	0.24046405	0.6830759	0.055176537			
S100A8_9774	116547	s100a8	0.0016471072678608193	0.2576546369010853	1.3243105	1.3243105	1.1068447	1.0032393	1.0193038	-1.0282074	1.0277053	-1.0200021	1.035416	1.003103	1.3243105	0.10174577	0.93606037	0.66254276	0.53696513	0.7039899	0.72132534	0.37680492	0.9496507	0.09595035			
S100A9_9775	94195	s100a9	0.0012094335819391251	0.2576546369010853	1.2106409	1.2106409	1.0735836	1.0202999	1.0431799	-1.0120451	1.031654	1.0008157	1.0185095	1.0298088	1.2106409	0.0951349	0.50693077	0.215824	0.740992	0.6029462	0.97956556	0.5275298	0.42985937	0.033127975			
SELL_32554	29259	sell	0.011117612638970159	0.7544384158269664	1.0872874	1.0872874	1.0143007	1.0142912	1.0198177	-1.0324322	1.0423795	-1.0340297	-1.028476	-1.0026478	1.0872874	0.63630944	0.64175415	0.4174858	0.22912316	0.124471724	0.29638028	0.4145759	0.8710811	0.03172028			
SERPINH1_9815	29345	serpinh1	0.01567524115755627	0.7728154936740392	-1.059413	1.059413	-1.0157585	-1.024288	-1.0159092	-1.0123899	-1.0262697	1.0257419	-1.0143269	1.0116392	-1.059413	0.17989492	0.03337523	0.33028167	0.4950371	0.353098	0.19437073	0.58643967	0.27228403	0.050426878			
SERTAD1_33143	361526	sertad1	0.04077978913865128	0.8532168834292644	1.0594462	1.0594462	-1.0472003	-1.0566847	-1.0280669	-1.0297121	-1.0072006	1.0177144	-1.0108693	1.0103487	1.0594462	0.15634209	0.09389303	0.51879144	0.2967282	0.8755692	0.58426607	0.7254099	0.7757606	0.12057529			
SLC1A2_33059	29482	slc1a2	0.04597241655006996	0.8532168834292644	1.1593071	1.1593071	1.1011288	1.1278775	1.1593071	1.1478387	1.1185867	1.078363	1.0626955	1.0689198	1.0213037	0.088827826	0.0036410005	0.011630577	0.006709481	0.008935623	0.042791624	0.09866435	0.1590225	0.71712476			
SLC2A1_9862	24778	slc2a1	0.025529388482089847	0.822196481996717	1.1522132	1.1522132	-1.0635324	1.0990682	1.0414375	1.0214039	1.0743203	1.0108069	1.0888889	1.1522132	1.068258	0.3955917	0.06510078	0.419917	0.6155233	0.22669758	0.8238365	0.20113117	0.019618558	0.16595551			
SLC2A2_9863	25351	slc2a2	0.021637426900584796	0.789766081871345	-4.1251245	4.1251245	1.406297	-1.0674587	1.0490254	-1.6099613	-1.2535222	-4.1251245	1.1678244	-1.3016483	1.5449668	0.06623516	0.83463776	0.8225903	0.18712252	0.4121193	0.008640201	0.5376756	0.26241335	0.11370818	3.0	10.0	
SNAP25_9907	25012	snap25	2.081165452653486E-4	0.15192507804370448	1.6248441	1.6248441	1.6005715	1.6248441	1.539148	1.5731317	1.600766	1.6047492	1.4700103	1.3487185	-1.4014926	0.0024526576	0.0019052522	0.0044293697	0.003112967	0.0024715308	0.002563098	0.025098247	0.034927595	0.1423282			
SOCS2_9914	84607	socs2	0.015866388308977037	0.7728154936740392	1.0870378	1.0870378	-1.0230814	-1.0067741	1.0077757	1.0135903	1.0014795	1.0287143	1.0249549	1.0383176	1.0870378	0.26429892	0.6556761	0.68474823	0.4608115	0.9442858	0.13419095	0.32895607	0.10328053	0.2922826			
ST6GALNAC2_9951	303692	st6galnac2	0.044948370115407976	0.8532168834292644	-1.0742587	1.0742587	-1.0022964	-1.003949	-1.0156869	-1.0073001	1.0060377	-1.0742587	-1.0504287	-1.0350486	1.054367	0.9329106	0.9160527	0.44492576	0.84244543	0.7923252	0.0364159	0.04573545	0.23736012	0.011952775			
STAMBP_9954	171565	stambp	0.017998838784594542	0.7728154936740392	1.2909063	1.2909063	1.1961654	1.1296048	-1.0602866	1.2120591	-1.0517381	1.1050638	1.2909063	1.0349476	1.2798246	0.1574167	0.23350883	0.650647	0.06783573	0.6636086	0.3065222	0.015072368	0.7975512	0.042191353			
STAR_32299	25557	star	0.012416239653133623	0.7728154936740392	-1.1360084	1.1360084	1.0532209	1.0660918	1.0578785	1.006859	-1.000587	-1.0453198	-1.0745385	-1.0727549	-1.1360084	0.3642029	0.2829722	0.2266769	0.9112304	0.98708415	0.41133586	0.17490402	0.1481741	0.114150696			
STAT1_9958	25124	stat1	0.04134055789684929	0.8532168834292644	1.6163684	1.6163684	-1.0050313	-1.4932492	-1.3340861	1.0405765	1.0652052	-1.0779693	-1.2560073	-1.0134729	1.6163684	0.9884104	0.2633157	0.45249832	0.89218843	0.7666663	0.7423114	0.45110086	0.9712914	0.017716456			
SULT1C2_33309	171072;316153	sult1c2;sult1c2a	0.0021925453458241976	0.31120814386109963	-2.5581381	2.5581381	-1.460178	-1.2630496	-1.8242973	-1.1983914	-1.228766	-1.933668	-1.3335018	-2.5581381	-1.0330875	0.03624711	0.0022296691	2.143745E-4	0.041136056	0.059957333	0.0034117107	0.019533372	0.0010527858	0.8039515	30.0	100.0	
TIMP1_10022	116510	timp1	0.005	0.47608695652173916	1.0936401	1.0936401	-1.0349888	-1.0276319	-1.022812	-1.008976	-1.0315521	-1.0292143	1.008107	-1.0185294	1.0936401	0.030548107	0.089433424	0.20282581	0.71019894	0.2690277	0.20644768	0.7444206	0.4156802	0.25922257			
UGT1A1_33117	396552;574523;24861;113992;396527;301595;154516;396551	ugt1a9;ugt1a5;ugt1a1;ugt1a6;ugt1a2;ugt1a8;ugt1a7c;ugt1a3	0.0033563672260612043	0.43237907206317866	1.2930493	1.2930493	1.1412956	1.1626358	1.1416558	1.135911	1.211924	-1.127086	1.194139	1.1222792	1.2930493	0.045691535	0.05872573	0.15436624	0.30698067	0.029923042	0.27224296	0.035112623	0.21305679	0.014947031			
UGT2B7_33032	286989	ugt2b7	0.04897218863361548	0.8747525268313014	-3.0796895	3.0796895	-1.3605616	-1.1672354	-1.5083742	-1.2593621	-1.1925057	-3.0796895	-1.1824769	-1.564461	-1.0162163	0.14801697	0.111692294	0.023300687	0.16148794	0.05745003	0.001352759	0.16148531	0.01128627	0.91256315	3.0	10.0	
UNG_32960	304577	ung	0.02768795472918351	0.8421752896793318	-1.5061681	1.5061681	-1.4346892	-1.0427092	-1.101702	-1.0885996	-1.0010116	-1.0969045	-1.4628296	-1.0572369	-1.5061681	0.021544853	0.6388313	0.3796527	0.4819837	0.9900417	0.53073674	0.023937127	0.6054259	0.13942356			
