Williams Trend Test
Data Source: P2_Perfluoro_3_methoxypropanoic_acid_Male_Adrenal_NoOutlier-expression1
Work Source: null
BMDExpress3 Version: BMDExpress 3.20.119 BETA
Timestamp (Start Time): 12/14/2025 07:34.54
Number of Permutations: 10000
Unadjusted P-Value Cutoff: 0.05
Multiple Testing Correction: false
Filter Out Control Genes: true
NOTEL/LOTEL Test: T-Test
NOTEL/LOTEL p-Value Threshold: 0.05
NOTEL/LOTEL Fold Change Threshold: 2.0
Total Run Time: 14 seconds

Chip: BioSpyder S1500_Rat
Provider: BioSpyder

=== Experiment Description ===
Experiment Type: in vivo
Test Article: Perfluoro-3-methoxypropanoic acid | CAS: 377-73-1 | DSSTOX: DTXSID70191136
Subject Type: in vivo
Species: rat
Strain: Sprague-Dawley
Sex: male
Organ: adrenal
Article Route: oral
Article Vehicle: feed
Administration Means: dietary
Study Duration: 28d
Platform: BioSpyder S1500+ Rat
Provider: BioSpyder
Article Type: chemical
Chip File Creation Date: 10/31/24
Log Transformation: NONE
BMDExpress3 Version: BMDExpress 3.20.119 BETA
Timestamp: 12/14/2025 07:06.33

Probe ID	Gene ID	Gene Symbol	Unadjusted P-Value	Adjusted P-Value	Max Fold Change	Max Fold Change Unsigned	FC Dose Level 1	FC Dose Level 2	FC Dose Level 3	FC Dose Level 4	FC Dose Level 5	FC Dose Level 6	FC Dose Level 7	FC Dose Level 8	FC Dose Level 9	NOTEL/LOTEL T-Test p-Value Level 1	NOTEL/LOTEL T-Test p-Value Level 2	NOTEL/LOTEL T-Test p-Value Level 3	NOTEL/LOTEL T-Test p-Value Level 4	NOTEL/LOTEL T-Test p-Value Level 5	NOTEL/LOTEL T-Test p-Value Level 6	NOTEL/LOTEL T-Test p-Value Level 7	NOTEL/LOTEL T-Test p-Value Level 8	NOTEL/LOTEL T-Test p-Value Level 9	NOTEL	LOTEL
ABCF3_7946	287982	abcf3	0.043927125506072875	0.40480364526699664	-1.0581273	1.0581273	-1.0416002	-1.0077218	-1.0242729	1.0165119	-1.0085536	-1.0035937	-1.040952	-1.0303247	-1.0581273	0.13565382	0.78522044	0.46282604	0.5327637	0.78068846	0.87904036	0.22640173	0.33302808	0.044402532			
ABCG2_32656	312382	abcg2	0.038741396263520154	0.3893705988101268	1.550626	1.550626	1.0969445	1.2400984	1.4217963	1.3716412	1.550626	1.4100126	-1.1142071	1.2448031	1.3110659	0.5111386	0.023792468	0.002360271	0.06956838	0.003139931	0.0051104473	0.6135509	0.12458749	0.0017086634			
ACADVL_7960	25363	acadvl	0.01407884151246983	0.2739112565526226	-1.0409076	1.0409076	-1.0142788	-1.0069386	-1.0140824	1.0218711	1.0062191	-1.0026398	-1.0204511	-1.0340708	-1.0409076	0.27379835	0.59507173	0.24493654	0.30164748	0.63733816	0.868057	0.3307525	0.020468565	0.079432525			
ACO1_7966	50655	aco1	0.0480225988700565	0.41731428712407176	-1.1191424	1.1191424	-1.0398854	-1.0596819	-1.0490386	1.0192379	1.0205996	-1.0338911	-1.1191424	-1.0866797	-1.0748731	0.33130577	0.088734835	0.17937662	0.5631989	0.6332759	0.4148777	0.04997458	0.026468169	0.026735483			
ACO2_7967	79250	aco2	0.048741188318227595	0.42171723805770833	-1.0766578	1.0766578	-1.0231345	1.0055784	-1.0502543	-1.0103878	1.0174912	1.0077786	-1.0401171	1.0397128	-1.0766578	0.19604014	0.8507029	0.11163138	0.7262485	0.5336984	0.7345003	0.15852979	0.19354068	0.19348888			
ACTA1_7978	29437	acta1	0.024668705402650357	0.32664933291312115	1.5510218	1.5510218	1.1354954	1.3251265	1.4903884	1.5510218	1.4734454	1.281471	1.2521443	1.2569098	-1.0594083	0.3665985	0.09760701	0.011846791	0.0049426625	0.017064068	0.08449729	0.26503727	0.116339706	0.7249562			
ACTC1_32706	29275	actc1	0.020754340451007783	0.3177010576731191	-1.592338	1.592338	-1.023572	-1.1071498	-1.184355	-1.0220298	1.0479507	-1.2144371	-1.3311086	1.0286051	-1.592338	0.7748064	0.14795618	0.19528483	0.8979193	0.7648995	0.24341625	8.508098E-4	0.639995	0.16556337			
ADM_33168	25026	adm	0.012743926722421346	0.26417098101685915	1.2611234	1.2611234	1.0927241	1.1641556	1.045689	1.1043783	1.1411114	1.049307	-1.1338077	1.1187565	1.2611234	0.37137532	0.11877499	0.6678892	0.45900428	0.24935527	0.6724484	0.23762786	0.25886333	0.027750337			
ALDOC_8034	24191	aldoc	0.024400080661423674	0.32664933291312115	1.1762278	1.1762278	1.0992442	1.0374088	1.0986475	1.0537554	1.113653	1.0733689	1.0420785	1.0693356	1.1762278	0.117931776	0.6083283	0.2198558	0.45380068	0.07986829	0.26048735	0.6625762	0.42288652	0.09520764			
AMPD1_32743	25028	ampd1	0.019631410256410256	0.3139154929577465	-Infinity	Infinity	-4.586597	-3.7640736	-2.3729696	-Infinity	-1.2729876	-1.7306826	-7.4272966	1.6482897	1.058004	0.037443623	0.035276383	0.17500973	0.0061139143	0.66173303	0.37528664	0.012821348	0.054612644	0.8617536	0.0	0.01	
ANXA4_32944	79124	anxa4	0.037896825396825394	0.3847687884677681	-1.0692034	1.0692034	-1.0212798	-1.0341712	-1.0355374	1.0196723	1.0084274	-1.0343876	-1.0218047	-1.034723	-1.0692034	0.37747914	0.28047982	0.09798421	0.38016462	0.6708992	0.12497277	0.6910721	0.14615794	0.003575801			
ANXA5_32426	25673	anxa5	0.012126111560226353	0.25655074612434325	-1.0533485	1.0533485	-1.0239075	-1.0510007	-1.0314617	-1.0240655	-1.0491977	-1.0373281	-1.0533485	-1.0376992	-1.0399082	0.17295723	0.005293429	0.033197492	0.013846753	0.018406676	0.0022059076	0.10793314	0.019803977	6.658277E-4			
ANXA7_8051	155423	anxa7	0.009196811771919068	0.23678481012658228	1.0911088	1.0911088	-1.0428753	1.0027658	1.0013664	-1.0216641	-1.0034521	1.0004256	1.0149825	1.0552154	1.0911088	0.32086667	0.94916975	0.9694382	0.48160076	0.90578663	0.9890632	0.44403332	0.17408098	0.018191852			
ARPC1B_32419	54227	arpc1b	0.026845637583892617	0.3373074667125173	1.0636853	1.0636853	-1.0283796	1.0148623	1.0207782	1.0636853	1.0477254	-1.0160098	1.0034964	-1.0041962	-1.0555012	0.33103064	0.6438813	0.48928878	0.19006948	0.10330061	0.6348809	0.93010056	0.8608629	0.07302504			
ASAH1_8089	84431	asah1	0.012050653594771242	0.25655074612434325	-1.0353711	1.0353711	-1.0128992	-1.0282652	-1.0092309	1.0042782	1.0039668	-1.0116493	-1.0269144	-1.0353711	-1.0338031	0.23422106	0.08929804	0.27436453	0.6725317	0.7827333	0.17404822	0.05807076	7.178496E-4	0.056928128			
ATP1A1_32617	24211	atp1a1	0.020232371794871796	0.3170269281243691	-1.090007	1.090007	-1.0559403	-1.0662916	-1.0464623	1.0037297	-1.0090195	-1.0169138	-1.0356398	-1.0582173	-1.090007	0.13923877	0.026897993	0.06557605	0.92067623	0.8195987	0.58923984	0.41308743	0.042926814	0.020502636			
ATP1B1_8103	25650	atp1b1	0.0249500998003992	0.32664933291312115	-1.0732061	1.0732061	-1.043867	-1.0217816	-1.0346935	1.0152255	1.02213	-1.0132177	-1.0517622	-1.0732061	-1.0409191	0.07640255	0.4621757	0.18354858	0.54549974	0.4362105	0.5031787	0.020101033	0.0046662036	0.13493833			
ATP5L_33116	300677	atp5mg	0.02735868034600684	0.3373074667125173	-1.0617348	1.0617348	1.0129379	1.0091219	1.018774	1.0296983	1.0584093	1.0068773	-1.0037259	-1.0617348	-1.0213745	0.57455313	0.78510875	0.42051578	0.23880398	0.042491943	0.72714925	0.8887794	0.023633676	0.46890098			
ATP6V1F_8114	116664	atp6v1f	2.003606491685033E-4	0.045627550786444725	1.0395713	1.0395713	1.0036888	1.0081203	1.0023932	1.0113032	1.0128988	1.0121865	1.0090328	1.0089157	1.0395713	0.47006333	0.27315345	0.6776232	0.08364367	0.05581199	0.04316392	0.12083499	0.2604875	0.0024585149			
B4GALT1_8124	24390	b4galt1	0.0043358297201418995	0.1835808753847315	-1.1052067	1.1052067	-1.0353117	-1.0461826	-1.0287188	-1.0231484	-1.0106384	-1.06473	-1.0527318	-1.0751505	-1.1052067	0.36040798	0.2057655	0.31939492	0.49050274	0.72671676	0.114695765	0.26326787	0.06721334	0.020957734			
BAI3_32984	301309	adgrb3	0.003822937625754527	0.17290104261935246	1.7294506	1.7294506	1.0637543	1.4255259	-1.0216051	1.163625	-1.1142346	1.0556464	1.1247011	1.2766898	1.7294506	0.7976997	0.04028194	0.9222316	0.60281837	0.7493253	0.81823534	0.5304881	0.14727752	0.0032392927			
BCL2_8135	24224	bcl2	0.006602641056422569	0.20164751323255922	-2.0159996	2.0159996	1.0764351	1.0630534	1.2502441	1.3592947	1.2942977	-1.0842605	-1.0875801	1.0038062	-2.0159996	0.73568183	0.7709574	0.19475678	0.1108692	0.2722986	0.68717414	0.6900335	0.98887867	0.11478967			
BEX1_32763	501625;100912195	bex1;loc100912195	0.00263477908390758	0.1377482657859216	1.1649861	1.1649861	1.0331081	1.0194197	1.0150309	1.0194743	1.0178385	-1.0155565	-1.0013597	1.0273554	1.1649861	0.5293733	0.6944405	0.7195275	0.7237655	0.74821883	0.73263377	0.98057795	0.69866234	0.005297185			
BEX4_32358	501624	bex4	0.04712666534102207	0.4154568356761251	1.1537476	1.1537476	1.0626261	1.0393363	1.0463637	1.1040771	1.0748804	-1.0132084	-1.0309249	1.004753	1.1537476	0.29990977	0.46908247	0.4601629	0.24134356	0.30535015	0.8463549	0.5378314	0.963253	0.015922531			
BNIP3L_8155	140923	bnip3l	0.04218561671353958	0.40095281135841526	-1.0220928	1.0220928	-1.0100192	-1.0119524	-1.0058255	1.010675	1.0210661	-1.0013566	-1.0220928	-1.0191668	-1.0207036	0.38016957	0.27613556	0.66016906	0.23612686	0.08645039	0.86783516	0.1308852	0.046314027	0.03548628			
C1R_8171	312705	c1r	0.022433306386418755	0.322858850653232	-1.4696181	1.4696181	-1.0618858	-1.1223141	1.0695229	1.0372953	-1.1201414	-1.0475264	-1.174947	-1.3730528	-1.4696181	0.63152975	0.4249806	0.41562307	0.74608654	0.44306853	0.59289163	0.24163212	0.028839726	0.061018452			
C1S_8172	192262	c1s	0.023435948361469713	0.32464551949919257	1.1410325	1.1410325	1.0180655	1.0999424	1.1341273	1.1076627	1.1410325	1.0472882	1.0149761	1.0378345	-1.0259622	0.67889214	0.040247496	0.0014319678	0.15475568	0.0011469566	0.2334424	0.663533	0.3714497	0.37516043			
C7_8179	117517	c7	0.006144697720515362	0.20164751323255922	1.1343238	1.1343238	1.0150893	1.0674744	1.075532	1.1343238	1.124466	1.0429952	1.00826	-1.0102509	-1.0397625	0.4287776	0.058048446	0.058640823	0.0065625524	0.0024638122	0.1474414	0.7625867	0.8296285	0.17592825			
CALR_8190	64202	calr	0.0036429872495446266	0.1685940610835769	-1.0326195	1.0326195	1.0062022	1.002132	-1.005756	-1.0012742	-1.0326195	1.0143278	1.0200914	1.0245198	1.0243464	0.55546236	0.83279485	0.59535563	0.90276337	0.019984324	0.11401177	0.051229086	0.020660833	0.12303426			
CASQ1_32992	686019	casq1	0.004910988336402701	0.20164751323255922	-2.3038611	2.3038611	-1.100734	1.1356521	1.100758	1.2077031	1.0370593	-1.5378973	-1.1465523	-1.2578217	-2.3038611	0.6543996	0.35720474	0.516614	0.14887778	0.693315	0.19108528	0.5601797	0.172392	0.007973761	100.0	300.0	
CBLB_8207	171136	cblb	2.0420665713702266E-4	0.045627550786444725	-1.4943367	1.4943367	-1.1475458	-1.0083743	-1.0233415	-1.0359617	-1.1551319	-1.0730879	-1.2900355	-1.1587518	-1.4943367	0.072443165	0.88462347	0.6887143	0.6824457	0.024101773	0.23515439	0.022081787	0.05365745	0.0016580678			
CCDC80_8213	64387	ccdc80	0.03286477925163334	0.3682239393670249	1.8270663	1.8270663	1.1693456	1.3026673	1.7434629	1.6685057	1.8270663	1.3450375	1.0393144	1.2472261	1.2188249	0.32190102	0.23859529	9.536088E-4	0.010217318	0.0022573457	0.1153522	0.87026685	0.19521667	0.22220188			
CCL11_33230	29397	ccl11	0.017947166767493448	0.3019515779531533	1.2568953	1.2568953	1.0525894	1.1268265	-1.0104465	1.0385321	1.1815798	1.0449401	1.0020452	1.0403835	1.2568953	0.5919874	0.26990023	0.92738813	0.7850671	0.06143883	0.645776	0.98064566	0.7272261	0.017446475			
CCNA2_8221	114494	ccna2	0.013668341708542713	0.2739112565526226	-1.2977808	1.2977808	-1.0714585	-1.0247618	1.0607806	-1.0107157	-1.2209238	-1.0223873	-1.1319144	-1.1968069	-1.2977808	0.35056844	0.75093734	0.40804455	0.8735206	0.043274935	0.8030789	0.26146343	0.07566308	0.07250744			
CCNB2_8223	100364016;363088	ccnb2-ps2;ccnb2	0.04926206621459912	0.42260889383067324	-1.1737411	1.1737411	-1.0549583	1.0222937	-1.0258573	-1.0389848	-1.0774488	-1.0066451	-1.1737411	-1.0454674	-1.1215075	0.25913766	0.7144826	0.6131816	0.37389642	0.13072252	0.9201558	0.00691621	0.41337952	0.030909684			
CCND3_8225	25193	ccnd3	0.024285714285714285	0.32664933291312115	-1.1469488	1.1469488	-1.061138	-1.0824912	-1.0226653	-1.0367813	-1.0473518	1.013354	-1.1158265	-1.0341468	-1.1469488	0.2785442	0.066200994	0.6192525	0.54792225	0.38606107	0.7903028	0.14755198	0.41144913	0.02888914			
CCT2_8233	299809	cct2	0.007930214115781126	0.22544465843434913	-1.0459764	1.0459764	-1.0447874	-1.0350318	-1.022276	-1.032982	-1.0004282	-1.0122637	-1.0201269	-1.0437485	-1.0459764	0.018847285	0.032038067	0.13713609	0.04510258	0.980746	0.41813573	0.26112804	0.023486832	0.061130192			
CD74_8252	25599	cd74	0.029118468288791385	0.34698055026763386	1.0825384	1.0825384	-1.021159	1.0399567	1.0390022	1.0504898	1.0825384	1.0321822	-1.0019248	1.0317609	1.0707252	0.22371194	0.26270145	0.1481314	0.22945563	0.0036106484	0.121924095	0.95022756	0.42752597	0.03178122			
CDC6_32573	360621	cdc6	0.02544580244439992	0.33096174421147606	-2.3324609	2.3324609	-2.3324609	-1.5593764	-1.5759511	-2.315652	-1.1502723	-1.2886155	-1.262759	1.329293	1.2472023	0.08117445	0.15461893	0.23111041	0.057290394	0.6352036	0.40433565	0.5112643	0.2088717	0.35398328			
CEBPB_8282	24253	cebpb	0.00920846394984326	0.23678481012658228	-1.0740716	1.0740716	-1.0019063	-1.0131042	-1.0547085	-1.0173442	-1.0464723	-1.0460578	-1.045412	-1.0335311	-1.0740716	0.920467	0.666636	0.04904493	0.50875294	0.07425066	0.16922836	0.03367124	0.19908343	0.0069399504			
CENPF_8287	257649	cenpf	0.04259554140127388	0.40095281135841526	-1.2112966	1.2112966	-1.1856451	-1.0314195	-1.058464	-1.1894244	-1.137748	-1.0876015	-1.0861899	-1.002891	-1.2112966	0.014630862	0.6883488	0.30834645	0.06524128	0.0847696	0.40790692	0.22238688	0.96988	0.053385444			
CHKB_8309	29367	chkb	0.005825632784250703	0.20164751323255922	-1.0824283	1.0824283	-1.0147083	-1.0098076	1.0236769	-1.0010788	1.0305641	1.0310556	-1.039293	-1.03098	-1.0824283	0.62442845	0.75609624	0.30948016	0.974414	0.3007388	0.35304177	0.25165707	0.20526291	0.026013622			
CIAPIN1_8319	307649	ciapin1	0.04264937106918239	0.40095281135841526	-1.3417038	1.3417038	-1.3417038	1.0397362	1.1253924	1.0420581	1.1273587	1.0258862	1.1319381	1.0178496	1.2184196	0.21118526	0.7421878	0.2882157	0.85966855	0.25814778	0.8504797	0.26155055	0.8993091	0.13547216			
CISD1_8322	294362	cisd1	0.0017660910518053376	0.11429191341637737	1.0351676	1.0351676	1.0173674	1.0235163	1.01837	1.015776	1.0328677	1.0281407	1.0207932	1.0135127	1.0351676	0.07596919	0.053076696	0.06837473	0.10330264	0.050641164	0.011674811	0.08823895	0.325005	0.0137541415			
CKM_32556	24265	ckm	8.232146532208273E-4	0.07800938856711649	-1.8311017	1.8311017	1.1090493	1.0889764	1.117038	1.1763167	1.1863682	1.1086832	1.1380585	1.1564015	-1.8311017	0.07504846	0.115727104	0.061485264	0.10119346	0.061313715	0.17027408	0.018121054	0.08426377	0.08264702			
CKS2_8325	498709	cks2	0.005218787635487756	0.20164751323255922	-1.136457	1.136457	-1.0805889	1.0001538	-1.0011185	-1.0295315	-1.0396059	-1.0369567	-1.0953877	-1.0673937	-1.136457	0.038793452	0.997712	0.9808725	0.39426237	0.3037747	0.5328927	0.065642	0.116096616	0.007019643			
COASY_8346	287711	coasy	0.03497202238209433	0.3682239393670249	-1.193743	1.193743	-1.0037724	-1.0413846	1.0033021	1.0994833	1.0135688	-1.0165989	-1.0438298	-1.193743	-1.1361277	0.95436937	0.60388786	0.9563017	0.19876295	0.8341821	0.8297249	0.6051724	0.011447279	0.03789471			
COL12A1_32305	25683	col12a1	8.024072216649949E-4	0.07800938856711649	-1.5944271	1.5944271	-1.0581254	1.0735185	1.0234684	1.2888904	1.0626227	-1.0070437	-1.1640478	-1.2049003	-1.5944271	0.6003199	0.5019227	0.85486746	0.007621006	0.66075134	0.9508184	0.19177645	0.17099915	0.0014737451			
COL1A2_8353	84352	col1a2	0.04271457085828343	0.40095281135841526	1.1535361	1.1535361	-1.0002058	1.0939738	1.1058972	1.1417863	1.1535361	1.0364504	1.0032636	-1.0080698	-1.0411396	0.99482435	0.10350423	0.033008948	0.058813058	0.0023240212	0.31031898	0.9410634	0.9037109	0.26998952			
COL3A1_8354	84032	col3a1	0.027628702047306698	0.3373074667125173	1.1334423	1.1334423	1.000267	1.0687913	1.0757003	1.1334423	1.1127503	1.0232872	-1.0188353	-1.0580121	-1.047333	0.9941531	0.109988935	0.10608731	0.025933385	4.422885E-4	0.5915319	0.38528392	0.31647038	0.33587494			
COL4A2_8356	306628	col4a2	0.033817386114979114	0.3682239393670249	1.1083236	1.1083236	-1.0451399	1.0679014	1.020441	1.1083236	1.0932668	-1.0208635	-1.032295	-1.0690309	-1.0773264	0.20916964	0.16443779	0.6564378	0.0676161	0.03033318	0.7403022	0.41029143	0.2204971	0.07734729			
CP_8366	24268	cp	0.0018156142828323583	0.11429191341637737	1.1320012	1.1320012	-1.0023646	1.058097	1.0820307	1.1034157	1.1320012	1.0463858	1.0189387	1.0142804	-1.0532491	0.9391605	0.09586222	0.10204123	0.01448532	8.499285E-4	0.1288158	0.5293568	0.74788946	0.114608556			
CPT1B_8373	25756	cpt1b	0.02349193708938881	0.32464551949919257	-1.3071778	1.3071778	-1.0276355	-1.0321046	-1.1991682	-1.0115689	1.1099168	-1.1051681	-1.1246789	-1.2110614	-1.3071778	0.7518545	0.8229849	0.04477158	0.8993767	0.24593607	0.23135015	0.23507744	0.051032636	0.017186064			
CRISPLD2_32789	171547	crispld2	0.02987768197313014	0.3497446301560528	1.2081585	1.2081585	-1.0438317	1.09768	1.0840125	1.2081585	1.0894748	1.0160577	-1.086358	-1.1291838	-1.1493767	0.41987324	0.04830721	0.3289455	0.047471505	0.09706423	0.82257384	0.23268455	0.29207814	0.04177831			
CROT_8384	83842	crot	0.028588807785888078	0.34272124996335707	-1.0663635	1.0663635	-1.0212619	-1.0119752	1.0004643	1.0245836	1.0559456	-1.0021651	-1.0614815	-1.0519702	-1.0663635	0.5235036	0.715196	0.98683584	0.518304	0.05064359	0.93522036	0.14002633	0.1346121	0.04298309			
CSRP1_8396	29276	csrp1	0.006789137380191693	0.20164751323255922	-1.1602297	1.1602297	-1.0352544	1.056607	1.0209305	1.0564996	1.0732944	1.038686	-1.034302	-1.0791489	-1.1602297	0.43345186	0.32263216	0.7519821	0.37862536	0.25139144	0.34023964	0.6189261	0.21238486	0.007968936			
CSRP3_32915	117505	csrp3	0.0040436716538617065	0.17882014647077324	-2.369042	2.369042	-1.0411435	1.0207894	-1.0563277	-1.1055304	1.0104365	-1.0888848	-1.1200097	1.0703605	-2.369042	0.78889585	0.8721796	0.6941243	0.6818108	0.94413346	0.5118496	0.47603783	0.5378997	0.096578784			
CTSK_33244	29175	ctsk	0.010373030121683623	0.24781829851232387	1.1705711	1.1705711	-1.0064075	1.133993	1.0890164	1.1459796	1.1705711	1.0837064	1.0259993	1.014929	-1.0659521	0.8755299	0.06122169	0.08201616	0.02168924	0.005049477	0.007158183	0.67622167	0.7839556	0.09556245			
CXCL12_32815	24772	cxcl12	0.0022119445003016287	0.1268617791944364	1.1802256	1.1802256	-1.0155249	1.1428237	1.0943229	1.1802256	1.1800723	1.0685457	-1.042272	-1.0255984	-1.1100273	0.72835296	0.040282637	0.16710038	0.0041067544	0.0026921483	0.28582522	0.39267862	0.703896	0.20179044			
CXCL12_8410	24772	cxcl12	0.018879415347137638	0.3104961697587099	1.7641379	1.7641379	1.1650414	1.1833239	1.5300525	1.7641379	1.7311566	1.5173517	1.3083141	1.0505583	-1.2217025	0.27455017	0.606625	0.034189846	6.327888E-4	6.963128E-4	0.01248123	0.044390175	0.7380702	0.405275			
DAB2_33094	79128	dab2	0.034095467308463696	0.3682239393670249	1.1158977	1.1158977	-1.0341185	1.0283545	1.0467142	1.1067046	1.1158977	1.0221213	-1.0829238	-1.0427121	-1.0876079	0.539527	0.7109373	0.38019973	0.072510265	0.06891144	0.68007815	0.18803866	0.4885528	0.16198586			
DLGAP5_8475	289997	dlgap5	0.014177316293929713	0.2739112565526226	-1.1272451	1.1272451	-1.0478826	1.0155665	-1.0403025	-1.0148646	-1.0147659	1.0033517	-1.0394398	-1.1141351	-1.1272451	0.2718361	0.79135525	0.22124161	0.7732989	0.5968508	0.9250606	0.41914082	0.012207764	0.0011913212			
DNMT1_8488	84350	dnmt1	0.036639676113360324	0.37687599519660586	-1.1157154	1.1157154	-1.0602684	-1.0650213	-1.0278718	-1.0362037	-1.0276371	-1.0130217	-1.1157154	-1.0638252	-1.0602417	0.058464583	0.015358127	0.43545395	0.21345074	0.41018343	0.6433717	0.04271925	0.05148192	0.04314641			
DSCC1_8498	299933	dscc1	0.0016386726751331422	0.11244684908672252	-2.6664846	2.6664846	1.0374169	-1.1744095	-1.1474848	1.127281	-1.0909789	-1.080605	-1.322238	-1.1506613	-2.6664846	0.49793777	0.4802562	0.27725428	0.27848288	0.4756205	0.49441805	0.17811438	0.3522212	0.065351754			
EAPP_8512	299043	eapp	0.03693005983082319	0.37687599519660586	-1.0425738	1.0425738	-1.0091858	-1.0090352	-1.0054773	1.0114528	1.0177156	-1.0019321	-1.0359596	-1.0425738	-1.0155234	0.3177253	0.5009815	0.71601367	0.21934713	0.17462282	0.8322316	0.015914205	0.03585216	0.392845			
ECHDC3_8518	684538	echdc3	0.013343955387373034	0.27375743526672514	-1.0757682	1.0757682	-1.0449343	-1.0468948	-1.0487994	-1.0427115	-1.0757682	-1.0178466	-1.0655713	-1.0492392	-1.063002	0.11944061	0.054507345	0.013600467	0.02975343	0.006199326	0.40051684	0.029757436	0.105154686	0.08178451			
EFCAB14_32678	298425	efcab14	0.02267665519335898	0.322858850653232	-1.0929195	1.0929195	-1.0500423	-1.0459481	-1.0460118	-1.0929195	-1.0867989	-1.0730242	1.0033984	-1.0310934	1.0669969	0.36999732	0.22646618	0.2210376	0.03493303	0.17699869	0.1358462	0.9216182	0.5715645	0.20036557			
EFEMP2_32619	293677	efemp2	0.017772511848341232	0.3019515779531533	1.1677448	1.1677448	-1.0234699	1.0580682	-1.052385	1.1677448	1.1145264	1.0073496	-1.0906136	-1.06439	-1.1505376	0.59880865	0.23971803	0.5720921	0.044633236	0.053725064	0.92117053	0.3059675	0.21830903	0.00452395			
EMP3_32795	81505	emp3	0.02761982128350934	0.3373074667125173	-1.0533781	1.0533781	-1.0052478	-1.0172598	-1.0037256	1.0218655	1.0165164	1.0011003	-1.0471218	-1.0342679	-1.0533781	0.78460485	0.52181095	0.85288364	0.47750014	0.50110537	0.94585764	0.06704829	0.08005438	0.012057779			
ENO2_32652	24334	eno2	0.020556227327690448	0.3177010576731191	1.2588658	1.2588658	1.101013	1.1387068	1.0694419	1.2248378	1.0887493	1.0226116	-1.0227692	1.0856035	1.2588658	0.18658672	0.11075992	0.182216	0.09512098	0.30123004	0.75351155	0.88533205	0.3939488	0.0018251099			
EPB41L2_8564	309557	epb41l2	0.039141665010927876	0.3907895421576492	1.1463848	1.1463848	-1.076172	1.0575652	1.0729195	1.1463848	1.131648	-1.0157733	1.0098583	-1.0996777	-1.1094667	0.1957161	0.45463234	0.36092937	0.07765928	0.092939265	0.79659927	0.87061125	0.1852477	0.12517992			
EPHB2_8566	313633	ephb2	0.016928657799274487	0.2981241506243914	-1.5995559	1.5995559	-1.356282	-1.0128202	1.2251494	1.2649466	1.0948666	-1.0856999	-1.146133	-1.0892514	-1.5995559	0.08187104	0.9105364	0.05027049	0.059533592	0.66336995	0.5745442	0.5086383	0.41435972	0.06935052			
ETV1_8578	362733	etv1	0.015834348355663823	0.28387705610604513	-1.0678372	1.0678372	-1.0471582	-1.0326619	1.0016525	1.016244	1.0041374	1.0136338	-1.0673467	-1.049465	-1.0678372	0.10152185	0.23439868	0.9584538	0.53027666	0.8768325	0.6152662	0.046940275	0.10792439	0.029175846			
F11R_8586	116479	f11r	0.015502315280853635	0.28045097644453393	-1.0692575	1.0692575	-1.0304615	-1.0534408	-1.0535898	-1.0499583	-1.0642173	-1.0231735	-1.0417507	-1.0406111	-1.0692575	0.1977431	0.12459549	0.030745387	0.015072194	0.031981986	0.45100313	0.07119366	0.14959638	0.021434108			
FAIM_8596	140930	faim	0.005934110906486597	0.20164751323255922	-1.0757898	1.0757898	-1.0741147	-1.0698271	-1.0509031	-1.0400835	-1.0604653	-1.0542674	-1.0757898	-1.0608649	-1.058898	8.318139E-4	0.0606972	0.01969757	0.038695138	0.013918256	0.004465509	6.0433324E-4	0.05660157	0.009415728			
FAT1_8613	83720	fat1	0.03550174430535604	0.3718340587771501	-1.1751697	1.1751697	-1.044496	-1.0111469	1.0020684	1.0152327	-1.0668945	1.0178589	-1.1751697	-1.0974625	-1.0786811	0.31615528	0.76883924	0.9479098	0.70637584	0.18978402	0.7097665	0.02918451	0.03411234	0.24566768			
FBXO22_32888	300724	fbxo22	0.03678391959798995	0.37687599519660586	-1.0517461	1.0517461	-1.0284811	-1.0238153	-1.0120388	1.0132394	1.0193149	-1.009593	-1.0401008	-1.0517461	-1.0389138	0.09640555	0.14847228	0.49207798	0.4509768	0.32675314	0.64424247	0.016946357	0.05416945	0.014561638			
FDFT1_8628	29580	fdft1	0.005379557680812911	0.20164751323255922	1.0693948	1.0693948	1.0133578	1.0065844	-1.0222358	-1.0064799	-1.0207484	1.0234107	1.0237279	1.0107795	1.0693948	0.5152392	0.77926123	0.35332677	0.6736439	0.15241255	0.2518491	0.26417756	0.73210204	0.024647588			
FDPS_8629	83791	fdps	0.01166532582461786	0.2550988834174675	1.1302091	1.1302091	1.033643	1.0879081	1.0506703	1.0032548	-1.0616899	1.0684446	1.0811855	1.050713	1.1302091	0.2866013	0.059653156	0.21884388	0.9341493	0.0855393	0.25780955	0.17443913	0.3521771	0.040017877			
FGF21_8635	170580	fgf21	0.006267691063485645	0.20164751323255922	1.2790029	1.2790029	1.0855843	1.2078019	1.2790029	1.2092091	1.2122465	1.1132687	1.0591873	1.1079652	-1.1334732	0.39620855	0.044847738	0.016905466	0.087001756	0.048623573	0.19037734	0.6028549	0.25513914	0.25266883			
FIS1_8645	288584	fis1	0.016570173687362747	0.29441647890939165	1.0338644	1.0338644	-1.0090714	1.0028539	1.0338644	1.0128157	1.0226388	1.00997	1.0221846	1.024525	1.0295731	0.5379185	0.80031	0.002933815	0.31112158	0.020709857	0.36455116	0.11588044	0.12510537	0.10027577			
FKBP10_33287	360627	fkbp10	0.009083568833266048	0.23678481012658228	-1.1235788	1.1235788	-1.0407023	-1.0107179	-1.0202351	1.0576472	1.048939	-1.0090752	-1.1087672	-1.0825905	-1.1235788	0.3674719	0.78598964	0.627583	0.0590193	0.19116043	0.8359147	0.029008582	0.03423534	0.0073890393			
FV1_8669	308568	fv1	0.0011918951132300357	0.09487485101311083	-1.333587	1.333587	-1.0665238	-1.1037644	-1.0934385	1.0282768	-1.0012571	-1.0573654	-1.2283974	-1.1051321	-1.333587	0.4316721	0.21152283	0.29307652	0.7859035	0.98640746	0.56453973	0.029326826	0.22838806	0.007497289			
FYN_8670	25150	fyn	0.019466185029098935	0.3139154929577465	-1.0740433	1.0740433	-1.0408843	-1.0088558	-1.0286574	-1.0043617	-1.0147513	1.0309668	-1.0456806	-1.0401146	-1.0740433	0.23497899	0.6921821	0.3548617	0.88797086	0.52016294	0.13106452	0.22480975	0.057883896	0.006183729			
GAMT_8681	25257	gamt	0.0014115749142972374	0.10803977228659624	-1.0568838	1.0568838	-1.0020697	-1.0568838	-1.0267	-1.0280154	-1.0496688	1.0138793	-1.0476319	1.0142591	1.049418	0.8776053	0.0062847533	0.19399117	0.101546936	0.012436751	0.606063	0.0028878828	0.5520185	0.029193271			
GAS5_8688	81714	gas5	0.04204081632653061	0.40095281135841526	1.0519117	1.0519117	1.0017484	1.0055803	1.0099316	1.0323925	1.0519117	1.0083246	-1.028212	-1.0192665	-1.0057778	0.8794731	0.6674252	0.6159925	0.107492484	0.0020519942	0.37667203	0.16674967	0.106529884	0.73338515			
GATA2_8689	25159	gata2	0.00935854942483915	0.23678481012658228	-1.479877	1.479877	-1.1912841	-1.0504591	-1.479877	1.2042428	-1.0986739	-1.1756598	-1.0199723	-1.0222197	1.3313439	0.21843266	0.79285467	0.14881	0.055226978	0.6174047	0.2528527	0.8228743	0.90159124	0.018648552			
GATA3_8690	85471	gata3	8.097165991902834E-4	0.07800938856711649	1.306511	1.306511	1.0986251	-1.0295153	-1.0498475	1.1017818	1.0131599	-1.0011649	-1.0517503	1.0155867	1.306511	0.06927836	0.5743462	0.46755585	0.33511826	0.7916974	0.97875464	0.55136245	0.8811122	0.0029082445			
GJA1_8709	24392	gja1	0.03407496492283023	0.3682239393670249	-1.155077	1.155077	-1.0335004	-1.0902548	-1.0206773	-1.0624133	-1.0426799	-1.0743594	1.0083066	-1.0290494	-1.155077	0.505541	0.305568	0.6799218	0.2054468	0.34618616	0.21679498	0.8754792	0.61312693	0.0925738			
GNAS_8728	24896	gnas	0.04444001594260662	0.4075374733907243	-1.060732	1.060732	-1.0242546	-1.0011187	-1.024515	1.0166001	-1.0342127	-1.0245756	-1.0384153	-1.0441198	-1.060732	0.32361892	0.961667	0.21342348	0.6265411	0.13716662	0.31892726	0.39264855	0.056281872	0.055708356			
GRIK2_32967	54257	grik2	0.0476000796654053	0.4154568356761251	1.3441235	1.3441235	1.1435843	1.013911	-1.0934428	1.0748178	-1.0969671	-1.0083107	-1.0199655	1.0622066	1.3441235	0.030177636	0.8842736	0.53000003	0.61495596	0.7362958	0.9122865	0.8880487	0.678522	4.463331E-4			
GSTP1_8762	24426	gstp1	0.03283703854782786	0.3682239393670249	-1.0588497	1.0588497	-1.0213151	-1.0114429	-1.019672	-1.0182114	-1.0209041	1.00249	-1.025507	-1.0202774	-1.0588497	0.37914994	0.5828159	0.38470447	0.37760416	0.55956644	0.8985757	0.40186337	0.33452338	0.013097077			
H2AFX_32900	500987	h2ax	0.03272799840351227	0.3682239393670249	-1.3802269	1.3802269	-1.2049143	-1.0792768	-1.0606939	-1.0316331	-1.1304716	-1.0432576	-1.1631507	-1.0491396	-1.3802269	0.16329524	0.50695735	0.56959265	0.68280154	0.12014306	0.7304911	0.34641853	0.6160502	0.09760837			
HAT1_8780	296501	hat1	0.02240285487708168	0.322858850653232	-1.0543308	1.0543308	-1.0543308	-1.0262145	1.009414	-1.0343181	-1.0108459	1.0039802	-1.01403	-1.0391597	1.0505836	0.116669275	0.3698495	0.61628455	0.21393546	0.6704872	0.87789035	0.5761552	0.3305229	0.13539448			
HBA2_32600	360504	hba-a2	0.019433198380566803	0.3139154929577465	-1.0912056	1.0912056	-1.0259143	1.0346646	-1.0001483	1.0388854	1.0492808	1.0052887	1.0320085	-1.0021626	-1.0912056	0.15639876	0.21599802	0.9971449	0.14413306	0.22570592	0.82171625	0.16493672	0.95523465	0.15649027			
HBB_8782	24440	hbb	0.03612512613521695	0.37638220423602997	-1.0668929	1.0668929	-1.0099154	1.035477	1.0001531	1.034011	1.0514407	1.010254	1.0396152	1.0195066	-1.0668929	0.6220229	0.14049685	0.99700224	0.19412428	0.14057519	0.6673237	0.23250271	0.59576094	0.24432914			
HDAC2_8785	84577	hdac2	2.042483660130719E-4	0.045627550786444725	-1.0552746	1.0552746	-1.0367327	-1.0387247	-1.018913	1.0149235	1.0135819	-1.0002091	-1.0228657	-1.0340213	-1.0552746	0.01865868	0.038702533	0.10043842	0.13452	0.41476756	0.98671263	0.07256048	0.022469692	0.0024860566			
HGF_32812	24446	hgf	0.04926897656719407	0.42260889383067324	1.288424	1.288424	-1.0386932	1.107675	1.1871178	1.1674325	1.288424	1.0634761	1.0111737	1.0640873	-1.0713772	0.71864563	0.11369372	0.012799604	0.055736303	0.0019983216	0.48359743	0.89199024	0.510216	0.4117045			
HIST1H4A_32934	102551184	h4cl2	0.009240246406570842	0.23678481012658228	1.0977957	1.0977957	-1.0016814	1.0010961	1.008685	1.0338781	1.0253361	1.0098249	-1.0051494	1.0324718	1.0977957	0.88877344	0.92458487	0.5172864	0.019025877	0.07509728	0.38362798	0.69250345	0.53816056	0.090473354			
HMG20B_8806	362825	hmg20b	0.03969041476483429	0.3907895421576492	-1.0725242	1.0725242	-1.0409529	-1.0136408	-1.0461239	1.0315818	-1.0189074	-1.0080421	-1.0513108	-1.0541186	-1.0725242	0.20365696	0.6208408	0.103447065	0.37170157	0.481393	0.8025345	0.30742326	0.08925332	0.031044817			
HMGCS1_8811	29637	hmgcs1	0.028250851532758966	0.34272124996335707	2.0606651	2.0606651	1.4281384	1.7058176	1.2741807	1.5367911	1.1825427	1.5889139	2.0606651	1.0007427	1.6634581	0.23666957	0.0346173	0.12613	0.004371218	0.3155804	0.023038177	0.014823848	0.99826014	6.674082E-4	10.0	30.0	
HMMR_8814	25460	hmmr	0.013930950938824955	0.2739112565526226	-1.1487447	1.1487447	-1.0841899	-1.0147661	-1.0295721	-1.0544597	-1.0321509	-1.0381933	-1.1487447	-1.1085622	-1.1322229	0.034750227	0.77542794	0.4844828	0.28379878	0.58376783	0.5179542	0.005520679	0.016812691	0.0051288893			
HSPA8_8845	688655;688932;689955;680121;24468	hspa8-ps22;hspa8-ps23;hspa8-ps25;haus8l2;hspa8	0.015307150050352467	0.279701515422555	1.0267985	1.0267985	1.0159358	1.0188255	1.0090725	1.0204078	1.0106323	1.0187606	1.0107483	1.0250218	1.0267985	0.16359343	0.1125804	0.36219963	0.04297441	0.25725034	0.044971958	0.18659292	0.08244613	0.0056364643			
HSPB1_8847	24471	hspb1	0.002818035426731079	0.1377482657859216	-1.1178759	1.1178759	-1.0174356	-1.0274923	-1.0426165	-1.0453129	-1.10104	-1.0206913	-1.0155503	-1.0314945	-1.1178759	0.6454011	0.49058732	0.089216016	0.11554881	0.008794016	0.37917343	0.6512814	0.36919656	0.012553343			
HTRA1_8856	65164	htra1	4.032258064516129E-4	0.06712541320920193	-1.0412512	1.0412512	-1.020356	-1.0154155	-1.015486	1.006805	-1.0149575	1.0010417	-1.033737	-1.0276705	-1.0412512	0.08279804	0.13722079	0.124780715	0.48483482	0.1686228	0.9218314	0.017249983	0.031103067	0.0018056225			
IDH2_33002	361596	idh2	0.04260852170434087	0.40095281135841526	1.0999478	1.0999478	-1.0272083	1.0106348	1.0224763	1.0999478	1.0705068	1.0098096	-1.0830559	-1.0261731	-1.0259442	0.42221016	0.7449697	0.41234076	0.009329697	0.07101949	0.75816655	0.023996755	0.5083726	0.5464886			
IFITM2_8870	114709	ifitm2	0.022923788457671426	0.3235343193671357	1.070552	1.070552	-1.0175472	1.0037612	1.0058404	1.0501515	1.070552	1.0247315	-1.0442202	-1.0569562	-1.0412638	0.28180742	0.88594455	0.8657949	0.08390188	0.0035970367	0.10127016	0.10688535	0.10510554	0.092903495			
IGFBP3_8881	24484	igfbp3	0.006543723973825104	0.20164751323255922	1.2813909	1.2813909	1.011928	1.1263705	1.0955285	1.2813909	1.1689674	1.0735391	-1.0018059	-1.0696608	-1.1061721	0.82402766	0.036956824	0.12362391	0.0045282585	0.01117218	0.46481222	0.9669332	0.30206552	0.20639047			
IGFBP7_32929	289560	igfbp7	0.030242737763629127	0.35194764999778927	1.0649655	1.0649655	-1.0105728	1.029518	1.0235832	1.0581416	1.0649655	1.0166852	1.0012317	-1.018641	-1.0340247	0.5829633	0.27963242	0.4382751	0.03555834	0.0041856235	0.39372283	0.9622647	0.4616234	0.2598277			
IRF7_8913	293624	irf7	0.026188557614826753	0.33555915283960613	2.3499613	2.3499613	2.155484	1.3813524	1.5300983	1.8141001	2.2289987	1.8504639	1.7499605	2.3499613	1.680118	0.010055844	0.54231226	0.13105442	0.034012053	0.011495036	0.10521232	0.06505788	0.005863403	0.15842842	0.0	0.01	
ITGAE_8923	83577	itgae	0.0024009603841536613	0.13271975456849405	-1.1811011	1.1811011	-1.0259559	1.0095387	-1.0175517	1.0098679	1.0142548	-1.0080485	-1.0118328	-1.0816354	-1.1811011	0.55692554	0.7092961	0.6537799	0.83511066	0.7461507	0.8161728	0.83835244	0.1150632	0.017442778			
ITGB5_8928	257645	itgb5	0.042684137383363116	0.40095281135841526	-1.0862192	1.0862192	-1.0862192	-1.0501022	-1.023611	1.0459334	-1.0135423	-1.0177109	-1.0772278	-1.0523534	-1.0837233	0.052966658	0.24099734	0.51121473	0.26216272	0.7795452	0.6399477	0.034472227	0.11434635	0.029117119			
KAT3_32958	541589	kyat3	0.001006441223832528	0.08345075147611379	-1.087947	1.087947	-1.0072323	1.0016189	-1.04017	1.022864	1.0562055	-1.0087582	-1.0580237	-1.0793719	-1.087947	0.691156	0.9355404	0.20799577	0.2193083	0.025862379	0.75104797	0.15453917	0.008794821	0.019522429			
KAT6A_8940	306571	kat6a	0.0025968837395125848	0.1377482657859216	-1.1621636	1.1621636	-1.0473907	-1.079026	-1.0273287	1.0678158	-1.0127888	-1.0203443	-1.0709268	-1.092183	-1.1621636	0.28877038	0.12878641	0.5913852	0.14534938	0.81506354	0.5981975	0.2258778	0.028395148	0.0029394065			
KDR_8956	25589	kdr	0.04478515230986484	0.40881859218638084	1.0813633	1.0813633	1.0030596	-1.0098858	1.0813633	1.0278616	1.0694582	1.0253476	-1.0011826	1.002141	-1.0487908	0.8912427	0.7083922	0.026926605	0.54898506	0.042461354	0.27317673	0.9714209	0.9548568	0.09146571			
KIF20A_8961	361308	kif20a	0.04751314193287505	0.4154568356761251	-2.040251	2.040251	-1.2568252	-1.2387881	-1.2497051	1.0424482	-1.2792253	-1.3608761	-2.040251	-1.1612613	-1.8430572	0.14012547	0.26646397	0.109735444	0.7486023	0.41623557	0.35151592	0.02180003	0.22667591	0.06931421	10.0	30.0	
KLRA17_33064	494206;120093104;497796;690045	ly49si1;ly49si3l1;klra17;loc690045	0.014722975590856257	0.27903544215051385	-1.5796164	1.5796164	-1.5796164	-1.2331622	1.0559472	1.1488651	1.0609951	-1.0992332	-1.0195241	1.2776103	1.2929715	0.13850135	0.4722917	0.6980617	0.23634683	0.70710045	0.60145116	0.8325404	0.013212563	0.0063008745			
KPNB1_32711	24917	kpnb1	0.02745018300122001	0.3373074667125173	-1.0477573	1.0477573	1.0064411	1.0082409	1.0122056	1.0201485	1.0019348	1.0035201	-1.0314915	-1.0201641	-1.0477573	0.7924297	0.7824121	0.49465844	0.29196244	0.9333703	0.8690851	0.36449373	0.32230258	0.061602563			
LAMB1_32926	298941	lamb1	2.016942315449778E-4	0.045627550786444725	-1.1780283	1.1780283	-1.0164285	1.0161891	1.044159	-1.0282617	1.0295522	-1.0625309	-1.0194819	-1.0344121	-1.1780283	0.61040807	0.5631377	0.08791248	0.287904	0.16883777	0.02384431	0.5128923	0.19464499	7.4368785E-5			
LOC100360552_9018	100360552	fzd7	0.007565200079633685	0.22028985507246376	-1.1339843	1.1339843	-1.0153323	1.0202917	1.0099988	1.071582	1.0274123	1.0113847	-1.1114333	-1.0139048	-1.1339843	0.78332746	0.7004646	0.86459804	0.28192136	0.6640774	0.82189393	0.074632026	0.8008803	0.047753066			
LOC100909675_9046	100909675	loc100909675	0.0461445051608986	0.4154568356761251	-1.1245794	1.1245794	-1.1245794	-1.0639975	-1.0771191	-1.0881221	-1.0266647	-1.0221626	-1.0666447	1.0645164	1.106422	0.11459376	0.4472929	0.31412542	0.28354666	0.71544945	0.7329855	0.4324724	0.5826049	0.15077102			
LOC100911177_9074	100911177	loc100911177	0.027413587604290822	0.3373074667125173	-1.0473831	1.0473831	-1.0305905	-1.0230746	-1.0020363	1.027283	1.0397397	-1.0152116	-1.0056846	-1.0353893	-1.0473831	0.2293241	0.33758816	0.9357093	0.14575332	0.052594155	0.48761973	0.74467444	0.08941599	0.040813874			
LOC100912409_9106	25618	acadsb	0.006369426751592357	0.20164751323255922	1.1640795	1.1640795	1.0438516	-1.1133692	1.0283549	1.1640795	1.1521138	1.0067197	-1.0988536	-1.0176105	-1.1563233	0.5320992	0.053127192	0.5402138	0.012333543	0.023365684	0.89831734	0.23003411	0.7722118	0.1571621			
LOC102549726_32764	102549726	loc102549726	0.009527670788566795	0.23700081086559904	-1.0661354	1.0661354	-1.0325259	-1.009443	-1.0170823	-1.001813	-1.0051094	-1.0082978	-1.0661354	-1.0335811	-1.0470473	0.031183241	0.6099396	0.29631212	0.8975646	0.68668044	0.63687587	0.016805189	0.11082007	0.0036547505			
LOC606294_9128	606294	kifbp	0.034184596822843354	0.3682239393670249	-1.0789527	1.0789527	-1.0012606	-1.0382965	-1.0789527	-1.0119599	-1.0479387	-1.0429767	-1.0698929	-1.0475873	-1.039298	0.95745516	0.079203494	0.0018889272	0.727982	0.036288194	0.0489152	0.04767947	0.065470316	0.0489214			
LOC691962_32591	287598	ska2	0.02135014233428223	0.322858850653232	-1.0556962	1.0556962	-1.0431191	-1.0154389	1.0051957	-1.0105443	1.0156065	-1.0054973	-1.0474646	-1.0505437	-1.0556962	0.013443423	0.43872407	0.8147403	0.69340867	0.4847222	0.7120139	0.105867006	0.05739892	0.0043793586			
LOXL1_9149	315714	loxl1	0.0021938571998404467	0.1268617791944364	1.1906842	1.1906842	-1.0206872	1.0961438	1.1218204	1.1906842	1.1753589	1.0489131	-1.0143585	-1.0389009	-1.1061085	0.7105205	0.086251296	0.044175416	0.015042036	0.0096820565	0.33864692	0.751534	0.6245601	0.073851176			
LSM3_33166	297455	lsm3	0.034907183212267955	0.3682239393670249	-1.0556018	1.0556018	1.003516	-1.0108685	1.007616	-1.0076437	1.0329392	1.0023609	-1.0117382	-1.0556018	-1.039619	0.815962	0.62591743	0.68506694	0.67938524	0.07967656	0.85649145	0.52947336	0.068486534	0.2214075			
LY96_9166	448830	ly96	0.03448971359419121	0.3682239393670249	-1.052626	1.052626	-1.0010029	-1.0002694	-1.0144148	-1.0054772	-1.0216444	-1.0036259	-1.0161425	-1.052626	-1.0353138	0.9506134	0.990851	0.37356052	0.7629607	0.34302956	0.8195626	0.34474653	0.023932884	0.08975638			
MAFK_9173	246760	mafk	0.002231237322515213	0.1268617791944364	-1.2622626	1.2622626	1.0324919	1.0757064	1.0985183	1.0799216	1.0187904	1.0508397	1.0401803	-1.0999305	-1.2622626	0.6551261	0.42629817	0.28614226	0.18607932	0.786827	0.3765932	0.63272274	0.17876126	0.07148354			
MAN2B1_9177	361378	man2b1	0.017344497607655503	0.30013521947160393	1.0842857	1.0842857	1.0123253	1.0361849	1.0159686	1.0343498	-1.0169746	1.0325091	1.0146463	1.0216753	1.0842857	0.7522428	0.26043814	0.61091715	0.37547255	0.6434865	0.40873167	0.71920216	0.52493674	0.033745732			
MAP2K5_9180	29568	map2k5	0.021460088247091856	0.322858850653232	1.0614693	1.0614693	-1.0495209	-1.0237666	1.039332	1.0614693	1.058438	1.0239203	-1.0174911	-1.0349047	-1.0603284	0.12349623	0.40530178	0.17454219	0.042242564	0.047859423	0.3702004	0.510454	0.3079968	0.14148647			
MCL1_9205	60430	mcl1	0.00914262494920764	0.23678481012658228	-1.0385832	1.0385832	-1.0118151	-1.0145624	1.0172223	1.004244	1.0108498	-1.0092337	-1.0264505	-1.0266801	-1.0385832	0.46229708	0.38874677	0.34811884	0.7307123	0.4539868	0.46094382	0.057003316	0.08066457	0.009213023			
MCUR1_32908	291034	mcur1	0.02485350575873914	0.32664933291312115	-1.0709759	1.0709759	1.002466	-1.0104749	1.0187111	1.0154903	1.0580127	-1.0131314	-1.0709759	-1.0599437	-1.0156385	0.87749857	0.71353495	0.3645768	0.4305398	0.06123168	0.61904037	0.00858128	0.06454811	0.46412158			
MLEC_9235	304543	mlec	0.010460671897002616	0.24781829851232387	-1.0785185	1.0785185	-1.0251448	-1.0120944	-1.0246377	1.0253296	-1.0583384	1.0028884	-1.0501689	-1.0318433	-1.0785185	0.3893227	0.6286535	0.28016979	0.33978862	0.029009877	0.907062	0.2614563	0.16727827	0.03227187			
MRPL19_9246	297372	mrpl19	0.024844720496894408	0.32664933291312115	-1.0496863	1.0496863	-1.0359235	-1.0496863	-1.0251918	-1.0327164	-1.0180409	1.0022415	-1.0431256	-1.0160621	1.0251198	0.15035205	0.015602975	0.21130118	0.116158836	0.3654816	0.90413916	0.08009442	0.4779752	0.1203965			
MTA1_9257	64520	mta1	0.02396644697423607	0.32664933291312115	-1.128802	1.128802	-1.1125785	-1.0409327	-1.0723431	1.0209914	-1.0535351	-1.0383753	-1.1076823	-1.1133696	-1.128802	0.11878359	0.3828427	0.042391613	0.5621249	0.14861332	0.26004562	0.11157945	0.0055764713	0.08275595			
MTMR2_33004	315422	mtmr2	0.043938486119432796	0.40480364526699664	-1.0371612	1.0371612	1.0043782	1.0051106	1.0103034	-1.0017446	1.0293292	1.0000448	-1.026845	-1.0135078	-1.0371612	0.80389744	0.8245204	0.7204249	0.92968434	0.0996191	0.9979405	0.20156756	0.4891263	0.10400741			
MUT_9264	688517	mmut	0.011165245635403978	0.2488388710253662	-1.1123233	1.1123233	-1.0417087	-1.0432365	-1.0108789	-1.0034702	1.0234823	-1.0152019	-1.0570399	-1.0414099	-1.1123233	0.38777092	0.35202554	0.7003271	0.91087246	0.42711455	0.6168568	0.062089026	0.13472918	0.024108779			
MYL12B_32708	50685	myl12b	0.0016148566814695195	0.11244684908672252	-1.0395772	1.0395772	1.0072888	1.0101706	1.0105401	1.032212	1.0087422	1.0050268	-1.0027926	-1.0203129	-1.0395772	0.5963863	0.5844271	0.29626837	0.046382263	0.67181164	0.709715	0.7931425	0.10006553	0.010132404			
MYL2_32406	363925	myl2	0.001837859914233204	0.11429191341637737	-1.3043969	1.3043969	-1.0414157	-1.047652	-1.0128132	-1.0208336	-1.0361352	-1.027287	-1.0869083	-1.0320768	-1.3043969	0.1837288	0.15461569	0.6623047	0.60028106	0.513803	0.3587313	0.026279096	0.56958085	0.15258102			
MYLPF_32295	24584	myl11	2.0214271275520516E-4	0.045627550786444725	1.3843654	1.3843654	1.1949887	1.1636031	1.3447568	1.3843654	1.3357381	1.239297	1.3781506	1.2952236	-1.328878	0.028226715	0.07981481	0.0013574461	4.8972276E-4	0.0013844074	0.037572544	0.00138757	0.02580166	0.03032145			
NALCN_32735	266760	nalcn	0.043277900220396716	0.40244402541396945	1.2230349	1.2230349	1.1322572	1.0347941	1.0661515	1.1243075	-1.0704478	1.029638	-1.1389681	-1.033606	1.2230349	0.050411183	0.6875407	0.3352711	0.37751862	0.5698256	0.65910304	0.108765	0.78063947	0.0030407782			
NIPSNAP1_9317	360971	nipsnap1	0.011254019292604502	0.2488388710253662	-1.0814449	1.0814449	-1.0390009	-1.0670918	-1.0425678	-1.0312723	-1.0122384	-1.0204037	-1.0737579	-1.0814449	-1.0438085	0.1028324	0.010889169	0.076300226	0.14981912	0.6390755	0.47723314	0.08885242	0.0058641923	0.13898033			
NPAS2_9350	316351	npas2	0.015001013581998783	0.279701515422555	-1.3937558	1.3937558	1.0084171	-1.0553689	-1.0871497	1.0472736	-1.2163012	-1.0088644	-1.1087939	-1.077071	-1.3937558	0.915382	0.6414747	0.45908493	0.6326118	0.12325964	0.9422738	0.28885338	0.35814014	0.04885248			
NR2F2_32621	113984	nr2f2	0.006605284227381905	0.20164751323255922	-1.2401981	1.2401981	-1.2401981	1.0346284	1.0228524	1.1777887	1.107845	1.00109	-1.09369	-1.0470467	-1.1885644	0.010863924	0.5111315	0.678395	0.0016180872	0.113031186	0.98337996	0.358858	0.2598179	0.04031412			
NUDT11_32363	680248	nudt11	0.047056426970869834	0.4154568356761251	-1.0940504	1.0940504	-1.043022	-1.0571909	-1.0565134	1.0378859	-1.0940504	-1.0450269	-1.0518926	-1.0442045	-1.0562184	0.10246519	0.08311572	0.16336921	0.08427064	7.091344E-4	0.026377603	0.020625385	0.084153526	0.116354406			
NUP85_9382	287830	nup85	0.018056400892676	0.3019515779531533	-1.1169593	1.1169593	-1.0983088	-1.0303836	-1.0653608	-1.02832	-1.0112342	-1.0260668	-1.0845883	-1.0872355	-1.1169593	0.08493551	0.42941698	0.06987011	0.46931195	0.6607641	0.540576	0.06082686	0.08621708	0.01873921			
OLFM1_32405	93667	olfm1	5.961844197138314E-4	0.07800938856711649	1.8151356	1.8151356	1.4061427	-1.0406809	1.3434031	1.1845537	-1.0552247	1.1977401	-1.7718557	1.4176949	1.8151356	0.0019797888	0.8870603	0.0056907525	0.40814406	0.7164453	0.0730792	0.21563229	0.13476558	1.9105197E-5			
PAPD7_9422	306672	tent4a	0.01109318273497378	0.2488388710253662	-1.1616293	1.1616293	1.0130109	-1.0230365	-1.0508128	1.0518728	1.0434484	1.0446595	-1.0284218	-1.008427	-1.1616293	0.77425826	0.7410936	0.3788418	0.36093435	0.52234226	0.3475661	0.5481226	0.8855977	0.018931912			
PCBD1_9435	29700	pcbd1	0.04326826323203864	0.40244402541396945	1.1816815	1.1816815	1.0870706	1.0749379	1.0436331	1.0481623	1.133649	1.0331721	1.0256311	-1.0229727	1.1816815	0.27258077	0.21725367	0.44075182	0.67388755	0.13205552	0.46179587	0.7108312	0.82471937	0.0023078723			
PGM1_9466	24645	pgm1	2.0004000800160032E-4	0.045627550786444725	1.1325603	1.1325603	1.0655757	1.0930275	1.0004593	1.0456133	1.0085094	1.0309774	1.0600492	1.0697459	1.1325603	0.05223738	0.022129321	0.98974323	0.14642929	0.8120305	0.38908765	0.25751063	0.051599685	0.001194975			
PHKA1_9471	64561	phka1	0.01971830985915493	0.3139154929577465	-1.2957851	1.2957851	1.0233676	1.010129	1.0474066	1.0031316	1.0838962	1.0752814	-1.2957851	-1.1831856	-1.283397	0.7844704	0.89940554	0.6952692	0.9689248	0.4275237	0.4459901	0.05769637	0.2581249	0.020515047			
PHKB_9472	361377	phkb	0.0010022048506714773	0.08345075147611379	-1.3127021	1.3127021	1.1044813	1.1277893	1.1771697	1.0668384	1.1966754	1.1754882	1.0921621	-1.0240157	-1.3127021	0.20082928	0.2817949	0.05066704	0.54770523	0.05874109	0.08050586	0.27595443	0.78944874	0.08166621			
PIK3C2A_9479	361632	pik3c2a	0.005851493139628733	0.20164751323255922	-1.0934151	1.0934151	-1.0486119	-1.0326313	-1.0304124	-1.0166832	1.0515155	-1.0163885	-1.0575578	-1.0908722	-1.0934151	0.08180205	0.36467463	0.14539738	0.527264	0.13624743	0.4483334	0.027552104	0.007915098	0.034563955			
PINK1_32483	298575	pink1	0.0297029702970297	0.3497446301560528	-1.0892786	1.0892786	-1.0362602	-1.0293809	-1.0641904	1.0185243	1.0273962	-1.0220491	-1.0892786	-1.049211	-1.0854948	0.3311597	0.29561272	0.039832044	0.6208334	0.33189306	0.5762477	0.059221562	0.26020676	0.010436791			
PKIG_9488	266709	pkig	0.006172839506172839	0.20164751323255922	-1.4116987	1.4116987	1.1184553	1.0942209	1.2511432	1.2710348	1.1079192	1.0707442	1.0036035	-1.4116987	-1.3838993	0.4434582	0.51456267	0.10201766	0.03745441	0.2688994	0.34594122	0.97321063	0.10866342	0.0013182665			
PLCB1_9495	24654	plcb1	0.010800896678214796	0.2488388710253662	-1.0950027	1.0950027	-1.0425059	-1.0407033	-1.0093861	1.028645	-1.0126405	-1.0332268	-1.0418313	-1.0368654	-1.0950027	0.17106289	0.22528678	0.7520381	0.5194185	0.7485879	0.39857316	0.22017133	0.23931041	0.023557363			
PLCB3_9496	29322	plcb3	0.033887987012987016	0.3682239393670249	-1.4732223	1.4732223	-1.0550749	-1.0322326	-1.0850295	1.0768416	-1.081952	-1.021509	-1.0401744	-1.4732223	-1.1641561	0.4088182	0.8152668	0.23663318	0.27806744	0.52324396	0.8289444	0.5115638	0.013264898	0.013131571			
PLOD2_9506	300901	plod2	4.024954719259408E-4	0.06712541320920193	-3.5385344	3.5385344	-1.1735198	-1.258139	1.0032818	1.1228578	1.2274532	1.0112396	-1.0163335	-1.1591961	-3.5385344	0.3229161	0.2873297	0.9809184	0.4539405	0.112492345	0.92994463	0.8909524	0.25917172	0.012110788	100.0	300.0	
PLSCR3_9509	360549	plscr3	0.045986284792254944	0.4154568356761251	-1.1528423	1.1528423	-1.1097603	-1.091046	-1.1001911	1.0806102	1.005928	-1.0983156	-1.125766	-1.1482099	-1.1528423	0.09337171	0.13833462	0.1409173	0.24550204	0.91808474	0.1386537	0.18214121	0.0053332816	0.032783076			
POLG2_9521	303612	polg2	0.0469812075169932	0.4154568356761251	-1.2766181	1.2766181	-1.061859	1.0447197	-1.0998198	1.0247878	1.0530449	-1.0139128	-1.0432866	-1.2766181	-1.0550941	0.26088068	0.32661346	0.17729014	0.7490995	0.38024643	0.8679437	0.40596008	0.0072951023	0.2572762			
POLR2K_9525	100361574	polr2k	0.013665594855305467	0.2739112565526226	-1.1147096	1.1147096	-1.0371522	1.0359054	1.0281894	1.0210792	1.0544316	1.0165321	1.0162396	-1.0306089	-1.1147096	0.39947665	0.4849873	0.5361853	0.6681785	0.35603523	0.69035447	0.75079656	0.55997974	0.057720784			
PPAP2B_32335	192270	plpp3	0.022636217948717948	0.322858850653232	1.0543925	1.0543925	1.0323013	1.0459723	1.0253011	1.0471419	1.0059526	1.0543925	1.0475467	1.0481448	1.0271044	0.05375734	0.011280109	0.25148115	0.006053678	0.81014454	0.004011224	0.06716834	0.020495612	0.14571784			
PPP2R5A_9549	312754	ppp2r5a	0.010911295211153768	0.2488388710253662	1.039013	1.039013	1.00997	1.0262474	1.0171072	1.0282032	1.039013	1.0086027	1.0041686	-1.0181984	-1.0354606	0.40594718	0.17422241	0.4220814	0.07511947	0.011533267	0.573335	0.8485506	0.4257366	0.08337583			
PRDX1_32791	117254	prdx1	0.00763819095477387	0.22028985507246376	1.0223643	1.0223643	1.0070198	1.0075278	1.0172622	1.0089986	1.0223643	1.0043726	-1.0121483	-1.0189141	-1.0200547	0.34447432	0.5436352	0.023438655	0.38376796	0.051586293	0.6138602	0.07583236	0.12185149	0.1499342			
PRKAA1_9558	65248	prkaa1	0.0067346938775510205	0.20164751323255922	-1.0600735	1.0600735	-1.0328654	-1.0160885	-1.0206765	-1.0052686	1.027117	-1.0100629	-1.0180665	-1.0365772	-1.0600735	0.17576285	0.47081062	0.16915026	0.7590421	0.17192954	0.64317125	0.2663496	0.04479332	0.05378419			
PRMT1_32372	100361025;60421	prmt1l1;prmt1	0.0224	0.322858850653232	1.0287	1.0287	1.0011067	1.0055271	1.0135951	1.0128148	1.0145692	1.0089782	-1.0167084	-1.0038924	1.0287	0.8936244	0.5208959	0.22130819	0.17001145	0.3218789	0.31804398	0.070047416	0.81339043	0.054661155			
PROS1_9577	81750	pros1	0.04966278356836297	0.4241585377727138	1.1159291	1.1159291	1.0164905	1.0020953	1.0483488	1.0310237	1.1159291	1.052645	1.0384605	1.0108435	-1.0696671	0.6578773	0.9701794	0.35295394	0.40238303	0.01576406	0.33492368	0.33035225	0.76291037	0.30585572			
PSMD9_9602	161475	psmd9	0.03467980295566502	0.3682239393670249	1.0763799	1.0763799	-1.0029683	1.0408618	1.0142969	1.0531924	1.0444918	1.0575235	1.0027823	1.0233852	1.0763799	0.9312193	0.20574203	0.70690453	0.18088472	0.08581383	0.032417458	0.92863226	0.4119033	0.001559967			
PSME2_9604	100362709;29614	loc100362709;psme2	0.02616337128020771	0.33555915283960613	-1.0770103	1.0770103	1.0051994	1.0001956	-1.0352297	-1.0223838	-1.0100514	1.0044299	-1.0491893	-1.0395317	-1.0770103	0.85685945	0.9940917	0.37694213	0.4958264	0.7075613	0.8934762	0.14801048	0.13510123	0.026284471			
PTGDR_33049	498475	ptgdrl1	0.013925327951564077	0.2739112565526226	2.4196634	2.4196634	1.0654452	-1.6807826	1.000525	-1.3897542	-1.4236579	-1.282085	-1.7915635	2.0642526	2.4196634	0.8897811	0.4616412	0.99935615	0.57314616	0.6559482	0.68471277	0.4380019	0.14623255	0.010754079	100.0	300.0	
PTPN12_9617	117255	ptpn12	0.022713687985654513	0.322858850653232	-1.1349993	1.1349993	-1.0288502	1.0716132	1.012993	1.0555845	1.0634584	-1.0029035	1.0383191	-1.0362378	-1.1349993	0.67681015	0.23077701	0.8503215	0.3816283	0.2808127	0.9552293	0.4935047	0.50479007	0.15678976			
PVALB_32631	25269	pvalb	0.014547628537265843	0.27836327681883677	-2.5210428	2.5210428	1.2509658	1.4614708	2.252825	1.9918106	1.7604839	1.8718803	1.9410776	1.3692646	-2.5210428	0.5400291	0.29215208	0.01407909	0.110345684	0.1281134	0.10417181	0.13916938	0.5257704	0.2008231	0.1	0.3	
PXDN_9628	554172	pxdn	0.03295819935691318	0.3682239393670249	-1.297689	1.297689	-1.0461587	-1.0395591	1.0494838	1.1374754	1.2232945	-1.0152985	-1.0969464	-1.0834777	-1.297689	0.7208519	0.7660967	0.6397662	0.31515646	0.015031979	0.8908047	0.19766465	0.5075291	0.013893881			
RAB5A_9644	100361891;64633	rab5al1;rab5a	0.03816326530612245	0.38550709623951107	-1.0479716	1.0479716	-1.0259743	-1.0298684	-1.0260867	1.0063676	1.0152156	-1.0114272	-1.0390089	-1.0479716	-1.0238819	0.0401278	0.056048553	0.057274446	0.5201042	0.40076247	0.18608744	0.23490798	0.007833925	0.03707209			
RAC1_9645	363875	rac1	0.03357605177993527	0.3682239393670249	-1.0823076	1.0823076	-1.0456531	-1.0147702	-1.0082307	1.061027	1.0096967	1.0030246	-1.0694754	-1.0823076	-1.0703938	0.1966592	0.58651036	0.6312745	0.08958762	0.7594517	0.926808	0.15146329	0.008414378	0.0070611537			
RAD51C_9650	497976	rad51c	0.026305139619587213	0.33555915283960613	-1.3427263	1.3427263	-1.2751026	-1.204438	-1.3427263	-1.1236932	-1.1346034	-1.1595608	-1.229009	-1.2534676	-1.1918403	0.057767678	0.032082357	4.2119046E-4	0.21755742	0.027190749	0.055287793	0.053126518	0.008697177	0.038564403			
RASSF4_33075	362423	rassf4	0.012072434607645875	0.25655074612434325	1.4931129	1.4931129	1.2153164	1.2291089	-1.0125161	1.2780715	1.3132949	1.0059118	1.2076209	1.1375285	1.4931129	0.123177886	0.260593	0.9524786	0.225354	0.06888484	0.9725864	0.21922114	0.5450896	0.0053539146			
RBP1_9669	25056	rbp1	0.04759023996773543	0.4154568356761251	1.256687	1.256687	1.0809441	1.1612729	1.193881	1.256687	1.2437456	1.1342019	1.0857142	1.0337998	1.0503299	0.08643892	0.041474354	0.01727002	0.009422785	9.730117E-4	0.06588538	0.270791	0.57787406	0.39106804			
RGD1565002_9697	299135	dhrs7	0.011185682326621925	0.2488388710253662	-1.0648395	1.0648395	1.013667	1.0027018	-1.009247	1.0169733	1.0247171	-1.0017225	-1.0648395	-1.0445548	1.0021349	0.11681708	0.8574032	0.5691932	0.2934388	0.043065846	0.8968894	0.0014144017	0.013968235	0.83175886			
RHEB_9704	26954	rheb	0.02	0.3158730158730159	-1.0625801	1.0625801	-1.0087419	1.0108591	-1.0154884	1.0146605	1.0207076	-1.0183308	-1.0156045	-1.026717	-1.0625801	0.58406764	0.43022507	0.27045962	0.197453	0.16792345	0.4652368	0.5969382	0.4943257	0.009422251			
RNASET2_32523	292306	rnaset2	0.018667201926936973	0.30956443195503813	1.0162405	1.0162405	-1.0060467	-1.0045822	-1.0056086	-1.0060024	1.0061157	1.0031815	-1.0104039	-1.0119246	1.0162405	0.38941914	0.50994647	0.5183786	0.40489805	0.50280714	0.67075217	0.3619757	0.19456258	0.038792986			
RPA3_9723	296883	rpa3	0.0295726149483492	0.3497446301560528	-1.0514551	1.0514551	-1.0231127	1.0041673	1.0085309	1.0276674	1.0500889	-1.0113853	-1.0397346	-1.0514551	-1.0496447	0.18609738	0.892257	0.67766166	0.07852958	0.01945603	0.467953	0.18013872	0.07054705	0.22089303			
RRM1_32657	685579	rrm1	0.0036231884057971015	0.1685940610835769	-1.0453862	1.0453862	-1.0154976	-1.0437909	-1.030982	1.0128442	1.0075427	-1.0110581	-1.028931	-1.0449957	-1.0453862	0.33438027	0.026222104	0.14138529	0.3714989	0.6288866	0.56332964	0.07425164	0.012723125	0.01355419			
RRS1_9755	297784	rrs1	0.03689744098393176	0.37687599519660586	-1.0744315	1.0744315	-1.0019362	1.0445805	-1.0054159	1.0332788	-1.0584126	-1.025441	-1.0045185	-1.0097661	-1.0744315	0.95642096	0.16623864	0.85642076	0.3476926	0.111916624	0.5365983	0.9173292	0.76317614	0.02980977			
SDHA_9796	157074	sdha	6.106248727864848E-4	0.07800938856711649	-1.0537306	1.0537306	-1.0187286	-1.0097387	-1.0191412	1.0089326	-1.013961	-1.0105604	-1.0318407	-1.0477917	-1.0537306	0.18877889	0.43244645	0.15583467	0.44333386	0.29847443	0.48045155	0.1599986	0.0018008299	0.010349383			
SDHB_9797	298596	sdhb	8.108655990269613E-4	0.07800938856711649	1.0188252	1.0188252	1.0037987	-1.0055069	-1.0039159	-1.0072758	-1.0002599	-1.00357	1.0031272	1.0031219	1.0188252	0.5471087	0.40027234	0.43934304	0.27347457	0.9665572	0.42938265	0.57049024	0.5079855	0.005668371			
SKP1_9831	287280	skp1	0.0028380295965943643	0.1377482657859216	-1.0307792	1.0307792	-1.008142	-1.0104655	-1.0085676	1.0040556	-1.005987	-1.0033606	-1.0125766	-1.0178723	-1.0307792	0.31531674	0.26672697	0.22183105	0.64931875	0.6111017	0.8009924	0.14138915	0.052668795	0.010296			
SLC25A24_9855	310791	slc25a24	0.008713272543059777	0.23678481012658228	-1.1563793	1.1563793	-1.0630552	-1.0300626	1.0119302	1.0094106	-1.0309187	1.012689	-1.0382991	-1.062412	-1.1563793	0.22732756	0.673415	0.6051934	0.8417548	0.415662	0.60812	0.21710329	0.07085736	6.9383904E-4			
SLC25A4_9857	85333	slc25a4	0.01224739742804654	0.25655074612434325	1.0565412	1.0565412	-1.00241	-1.0056722	1.0087488	1.0221066	1.0565412	-1.0024526	-1.04424	-1.0463182	-1.0064293	0.85990727	0.8123551	0.5063544	0.17596917	0.0019511499	0.8765498	0.047364607	0.023932967	0.7136625			
SLC30A7_33012	310801	slc30a7	0.01001001001001001	0.24292585268195024	1.038844	1.038844	1.003464	1.0048981	1.0170592	1.0142926	1.0157311	1.0032183	-1.0054666	1.0109308	1.038844	0.7802564	0.6798564	0.10765479	0.3193782	0.23384202	0.73744106	0.76339257	0.49149957	0.016060648			
SMAD3_9891	25631	smad3	0.04207317073170732	0.40095281135841526	-1.4320513	1.4320513	-1.3014392	-1.2467978	-1.1045368	-1.1791668	-1.0184196	-1.104478	-1.4320513	-1.2957107	-1.321177	0.09569656	0.06250819	0.2712641	0.23556373	0.7957586	0.13957836	0.010116924	0.11228661	0.067680776			
SMNDC1_9903	287768;120095301	smndc1;loc120095301	0.01532033426183844	0.279701515422555	-1.0419674	1.0419674	-1.0190314	-1.0419674	1.0145073	1.0097454	1.0089802	-1.0112964	-1.0085177	1.0169137	1.033505	0.3609567	0.05779649	0.34033033	0.62691057	0.6536452	0.5235472	0.57419467	0.43637976	0.04543329			
SNX7_33286	310815	snx7	0.005240878855069542	0.20164751323255922	-1.0793715	1.0793715	-1.0375903	-1.0510297	-1.0357305	-1.0097439	1.0065504	-1.0196518	-1.0540273	-1.0470932	-1.0793715	0.048697054	0.036743917	0.20463035	0.5860303	0.82103527	0.19239871	0.015700197	0.12265433	0.03742392			
SOD1_33183	24786	sod1	0.02073778664007976	0.3177010576731191	1.0233556	1.0233556	1.005207	1.0028628	-1.0147656	1.005181	1.0065484	1.0039669	-1.0000964	-1.0030031	1.0233556	0.3147369	0.6568893	0.17652987	0.6249869	0.29795375	0.69181055	0.9848083	0.7979379	0.036019985			
SORBS3_9916	282843	sorbs3	8.017638805371818E-4	0.07800938856711649	-1.1704223	1.1704223	-1.1071453	-1.0354072	-1.074811	1.0493653	1.0260323	-1.0184493	-1.1704223	-1.1261959	-1.1488496	0.052368764	0.46269915	0.05351919	0.23644315	0.46859366	0.66791236	0.004882632	0.0055123307	0.007493707			
SOS1_9918	313845	sos1	0.017248295226634576	0.30013521947160393	-1.1143314	1.1143314	-1.0238587	1.0125282	-1.0320044	1.0381932	-1.0033892	-1.0031652	-1.0449153	-1.0378504	-1.1143314	0.5788183	0.75991535	0.41980007	0.4512876	0.9363529	0.93635184	0.3611457	0.3249866	0.013345066			
SPC24_9924	363028	spc24	8.144980655670943E-4	0.07800938856711649	-1.3267403	1.3267403	-1.0630271	1.0132592	-1.059265	1.0515342	-1.0291688	-1.0537186	-1.1016135	-1.0900651	-1.3267403	0.36476594	0.86426604	0.43233234	0.39918762	0.63033247	0.4960706	0.10295849	0.14140838	0.001802222			
ST3GAL5_9948	83505	st3gal5	0.0065256080680245205	0.20164751323255922	-1.1598492	1.1598492	-1.0994071	-1.0696168	-1.1598492	-1.0296578	-1.0254792	-1.0955117	-1.1029497	-1.1331973	-1.1416713	0.062369034	0.04746664	0.011560252	0.45927042	0.53619754	0.0557547	0.011618783	0.041087717	0.037765205			
STAR_32299	25557	star	0.0328562789760129	0.3682239393670249	1.0416238	1.0416238	1.0056919	-1.0011281	-1.0009563	-1.0091695	-1.0032594	1.0089121	1.0132737	1.0232034	1.0416238	0.6788099	0.9406283	0.9463302	0.5282536	0.7923974	0.6327602	0.5378924	0.34291276	0.03093503			
STAT1_9957	25124	stat1	0.0016383370878558263	0.11244684908672252	-1.1357056	1.1357056	-1.0058912	-1.0199578	-1.0349376	1.0327063	1.0540204	-1.0610129	-1.0518551	-1.0648435	-1.1357056	0.88999283	0.44890866	0.26302367	0.32121313	0.044592187	0.1413054	0.09638907	0.055952184	0.0010931661			
SULT1C2_33309	171072;316153	sult1c2;sult1c2a	0.015284287752190748	0.279701515422555	2.202708	2.202708	1.2698715	-1.4405614	1.2878565	1.0183034	1.4684858	1.2659518	1.6198314	2.1635225	2.202708	0.55475754	0.5609296	0.5961596	0.9682737	0.4487594	0.5518706	0.21008942	0.100177266	0.02382338	100.0	300.0	
TAGLN_9981	25123	tagln	0.0397783494953493	0.3907895421576492	1.1248392	1.1248392	-1.0112138	1.0699717	1.0738486	1.1248392	1.0912881	1.0439894	1.0292057	1.0062648	-1.0429511	0.7729851	0.13234949	0.13625833	0.06663686	0.031747352	0.22056216	0.36532393	0.89465976	0.2362938			
TCEAL1_9991	302593	tceal1	0.03422738190552442	0.3682239393670249	-1.1610327	1.1610327	-1.093964	-1.0638392	-1.0716739	-1.0185132	1.0370629	-1.1151565	-1.0683167	-1.1610327	-1.1140233	0.12800297	0.20194586	0.27948767	0.5335956	0.20096982	0.18713757	0.05350425	2.933164E-4	0.015066071			
TCEB1_33163	64525	eloc	7.883326763894363E-4	0.07800938856711649	1.0542604	1.0542604	1.0323385	1.045844	1.0433606	1.0542604	1.053275	1.0473012	1.0357991	1.0324224	1.027964	0.04018279	0.01022487	0.010163829	0.002205756	0.0025073634	0.005304927	0.019630903	0.0639489	0.11557689			
TCERG1_9992	307474	tcerg1	0.02339300244100895	0.32464551949919257	-1.0399562	1.0399562	-1.0040463	1.0043156	1.0123891	1.0292325	1.0289953	1.0069424	-1.0399562	-1.0261137	-1.0144782	0.79106325	0.70330656	0.24238124	0.07037741	0.12056438	0.49052548	0.14317226	0.061329585	0.28601658			
TESK1_10001	29460	tesk1	0.028513650151668353	0.34272124996335707	-1.0889783	1.0889783	-1.0380751	1.0102805	-1.0405284	1.0060359	1.0192841	-1.0104138	-1.0889783	-1.0776544	-1.0631756	0.10816635	0.7040927	0.21160154	0.867561	0.32204437	0.68765587	0.09008382	6.7094865E-4	0.006357583			
TG_32506	24826	tg	2.063557573256294E-4	0.045627550786444725	-1.8708214	1.8708214	-1.0230489	-1.0667257	-1.0981071	-1.0939857	-1.065076	-1.0438571	-1.0489402	-1.1712729	-1.8708214	0.38515747	0.05019388	0.02047516	0.017931744	0.074985735	0.27056065	0.09129405	0.10732545	0.004950198			
TH_10010	25085	th	0.0028294260307194824	0.1377482657859216	1.1358169	1.1358169	1.054873	1.0271096	-1.0130503	1.0319405	1.0024537	1.007606	-1.0219706	1.0230788	1.1358169	0.10497466	0.33238384	0.7172543	0.6126163	0.9307243	0.8144599	0.49409148	0.64251524	1.9795528E-4			
TICAM1_10015	363328	ticam1	0.009671569615152125	0.2376101670883053	-1.1145909	1.1145909	-1.0271741	-1.0500443	-1.0964824	-1.0083966	-1.0125551	-1.0186791	-1.0867131	-1.114418	-1.1145909	0.48298335	0.1201586	0.022806445	0.7271909	0.767193	0.6238984	0.050206598	0.022107068	0.013526772			
TMEM5_10045	299841	rxylt1	0.04738104758096761	0.4154568356761251	-1.0570823	1.0570823	1.045727	-1.0148441	1.0256801	1.0425644	1.039042	1.0044022	-1.0201952	-1.0570823	-1.0330756	0.1555222	0.6623209	0.24927348	0.12964916	0.13199283	0.8668343	0.62421024	0.04207623	0.28191024			
TNNC2_32753	296369	tnnc2	2.0412329046744235E-4	0.045627550786444725	-2.09964	2.09964	1.2586117	1.2804325	1.5335	1.4003834	1.3189714	1.3191912	1.5291224	1.3951402	-2.09964	0.0453499	0.028298257	0.0011974559	0.0032349194	0.0070410375	0.007025246	0.006216706	0.15744093	0.04498911	100.0	300.0	
TNNT3_33197	24838	tnnt3	0.008242862887012465	0.23103235415710996	1.4480548	1.4480548	1.2272285	1.3298848	1.3049238	1.4480548	1.1795505	1.193097	1.0165898	1.1220777	-1.1415337	0.08241021	0.022779385	0.08724786	6.3519354E-4	0.15321587	0.23850864	0.8875002	0.19456717	0.31103644			
TOMM70A_10058	304017	tomm70	4.047763610605141E-4	0.06712541320920193	-1.0545609	1.0545609	-1.002755	1.0055553	1.0195041	-1.0043949	1.0128188	1.000352	-1.0267928	-1.013568	-1.0545609	0.8213303	0.6374509	0.18992433	0.804832	0.33885062	0.976576	0.112461306	0.3717034	0.04364535			
TOR1A_10061	266606	tor1a	0.039864460833167234	0.3907895421576492	1.0557848	1.0557848	-1.0005201	-1.0156903	1.0114313	1.0372721	-1.0033484	1.0215546	-1.0292494	1.0510284	1.0557848	0.9779441	0.3971765	0.63640636	0.18062347	0.8704249	0.30746332	0.21334693	0.18797088	0.06652631			
TP53_10062	24842	tp53	0.04092019543973941	0.39917249473079136	-1.0733633	1.0733633	-1.016757	-1.0124407	-1.0012807	-1.0151147	-1.0449347	-1.0000942	-1.0259093	1.00422	-1.0733633	0.5343846	0.67477125	0.951633	0.57251334	0.21458368	0.9973027	0.45407018	0.8767206	0.14634067			
TPM2_32337	500450	tpm2	0.004162537165510407	0.1800749773775154	1.2279329	1.2279329	-1.0371042	1.1245493	1.0827736	1.2279329	1.1002916	1.0216461	-1.0121784	-1.0216249	-1.08165	0.48871744	0.04239592	0.08384263	0.0025553738	0.071916275	0.6023098	0.79913235	0.7142443	0.14193176			
TUBB6_10106	307351	tubb6	0.02711323763955343	0.3373074667125173	-1.355216	1.355216	1.0126086	1.043693	-1.0162013	-1.0552791	-1.0460104	-1.0755217	-1.0003728	1.0636665	-1.355216	0.8793688	0.3698036	0.8760557	0.6108287	0.42167628	0.5375607	0.99818254	0.5412564	0.08889959			
TXNDC9_10111	280671	txndc9	0.03426421073479897	0.3682239393670249	1.0207517	1.0207517	1.0045915	1.0032198	-1.0026888	1.0112447	1.0206393	1.0049931	-1.0049293	-1.0118171	1.0207517	0.48888668	0.7058015	0.728203	0.102749705	0.012812183	0.28354317	0.6846753	0.3833509	0.022546204			
TXNRD1_10114	58819	txnrd1	0.018008903278025092	0.3019515779531533	-1.1141977	1.1141977	1.0428269	-1.012962	1.0028207	1.0520296	1.0057245	1.0698688	-1.1141977	-1.0075696	-1.0679108	0.23662254	0.66891336	0.90876573	0.050059468	0.88638586	0.02390704	0.030093854	0.7930662	0.14535266			
UBQLN2_10128	317396	ubqln2	2.0429009193054137E-4	0.045627550786444725	-1.0803783	1.0803783	-1.0153524	-1.0026277	1.0121526	1.0458826	1.0529399	1.0102627	-1.0246718	-1.0308107	-1.0803783	0.45629644	0.91291517	0.52244973	0.02532666	0.030595938	0.5378503	0.30294526	0.24190809	0.019880053			
UNG_32960	304577	ung	0.03483079358796754	0.3682239393670249	-1.5474395	1.5474395	-1.3540379	-1.2262057	-1.1755452	-1.1371462	-1.0936307	1.0241561	-1.038554	-1.1206399	-1.5474395	0.15410846	0.121209376	0.23684776	0.46400613	0.56133115	0.8671384	0.795283	0.41359752	0.019886658			
USP6NL_10141	291309	usp6nl	9.998000399920016E-4	0.08345075147611379	-1.3768153	1.3768153	-1.2186329	-1.1402361	-1.3403474	-1.0878512	-1.0618834	-1.084498	-1.1140875	-1.0852625	-1.3768153	0.018803872	0.17197685	0.0037124977	0.42681718	0.3654895	0.33115765	0.13435352	0.32840648	9.2282426E-4			
VDAC2_10151	83531	vdac2	0.022132796780684104	0.322858850653232	-1.0298343	1.0298343	-1.0298343	-1.019864	-1.0228305	1.0006121	-1.0101079	-1.0059341	-1.0167547	-1.0172086	1.0152259	0.031440873	0.23465651	0.027728906	0.9547344	0.3892089	0.4665471	0.32042098	0.25856748	0.19175965			
VPS28_10158	300052	vps28	0.005721291377196567	0.20164751323255922	1.0429735	1.0429735	1.0060716	1.0062513	1.0066272	-1.0054691	1.0192538	1.0162079	1.0144315	1.0156677	1.0429735	0.6809466	0.6130128	0.56743205	0.5497956	0.1908079	0.10346338	0.35655883	0.14047356	0.117470205			
VWF_32396	116669	vwf	0.04672897196261682	0.4154568356761251	-1.1994296	1.1994296	-1.0177336	-1.0848252	-1.0203422	1.1561775	1.1064795	-1.1152278	-1.1371576	-1.1605552	-1.1994296	0.653389	0.4701102	0.67980635	0.061750118	0.14901541	0.17713082	0.070598975	0.23536833	0.051213834			
WDR43_10168	362703	wdr43	0.006038647342995169	0.20164751323255922	1.0489318	1.0489318	1.0057414	1.0090733	1.0032339	1.0313927	1.0041007	1.000132	1.0045754	1.0127138	1.0489318	0.78299826	0.44670534	0.786175	0.038809735	0.791926	0.99269855	0.7540668	0.34575328	0.022603525			
WIPI1_32665	303630	wipi1	0.02227263353268715	0.322858850653232	-1.2847174	1.2847174	-1.0662243	1.0186943	-1.0599183	1.0110401	-1.0574393	1.0156457	-1.06605	-1.1614342	-1.2847174	0.21098782	0.8091355	0.3530607	0.8396322	0.57960236	0.8422424	0.2470833	0.16324359	0.11816257			
XBP1_10179	289754	xbp1	0.03946838501812324	0.3907895421576492	-1.1127634	1.1127634	1.0110838	-1.0035851	-1.0364273	1.0996187	1.0022545	-1.0088758	-1.0555059	-1.1127634	-1.0945426	0.7999837	0.9359434	0.41403544	0.1264965	0.95588195	0.8605221	0.3594098	0.09572633	0.1370729			
YTHDF1_10190	296467	ythdf1	0.006442520636198913	0.20164751323255922	-1.1242509	1.1242509	-1.0184618	-1.0244068	-1.0030761	1.0172579	-1.0200726	1.0027854	-1.0873626	-1.076258	-1.1242509	0.5687147	0.5649654	0.9139985	0.7097647	0.65254235	0.92156506	0.035569303	0.03823189	0.003688361			
YWHAH_10193	25576	ywhah	0.0094	0.23678481012658228	-1.0503372	1.0503372	-1.0385962	-1.0291432	-1.0314198	-1.0080053	-1.0121937	-1.0236087	-1.0444366	-1.0471749	-1.0503372	0.09254177	0.21415561	0.13211802	0.69168365	0.56812394	0.2981855	0.04063241	0.031467136	0.05140414			
ZCCHC18_32845	102555659	zcchc18	0.0242776886035313	0.32664933291312115	1.1854004	1.1854004	1.0764194	1.0283624	-1.0134388	1.0651612	1.0002613	1.0205249	-1.053029	1.0103405	1.1854004	0.3720721	0.57996327	0.80420476	0.45904088	0.99747276	0.74604577	0.4351448	0.9041652	0.016818287			
