Williams Trend Test
Data Source: P2_Perfluoro_3_methoxypropanoic_acid_Male_Spleen-expression1
Work Source: null
BMDExpress3 Version: BMDExpress 3.20.119 BETA
Timestamp (Start Time): 12/14/2025 07:33.26
Number of Permutations: 10000
Unadjusted P-Value Cutoff: 0.05
Multiple Testing Correction: false
Filter Out Control Genes: true
NOTEL/LOTEL Test: T-Test
NOTEL/LOTEL p-Value Threshold: 0.05
NOTEL/LOTEL Fold Change Threshold: 2.0
Total Run Time: 14 seconds

Chip: BioSpyder S1500_Rat
Provider: BioSpyder

=== Experiment Description ===
Experiment Type: in vivo
Test Article: Perfluoro-3-methoxypropanoic acid | CAS: 377-73-1 | DSSTOX: DTXSID70191136
Subject Type: in vivo
Species: rat
Strain: Sprague-Dawley
Sex: male
Organ: spleen
Article Route: oral
Article Vehicle: feed
Administration Means: dietary
Study Duration: 28d
Platform: BioSpyder S1500+ Rat
Provider: BioSpyder
Article Type: chemical
Chip File Creation Date: 10/31/24
Log Transformation: NONE
BMDExpress3 Version: BMDExpress 3.20.119 BETA
Timestamp: 12/14/2025 07:06.33

Probe ID	Gene ID	Gene Symbol	Unadjusted P-Value	Adjusted P-Value	Max Fold Change	Max Fold Change Unsigned	FC Dose Level 1	FC Dose Level 2	FC Dose Level 3	FC Dose Level 4	FC Dose Level 5	FC Dose Level 6	FC Dose Level 7	FC Dose Level 8	FC Dose Level 9	NOTEL/LOTEL T-Test p-Value Level 1	NOTEL/LOTEL T-Test p-Value Level 2	NOTEL/LOTEL T-Test p-Value Level 3	NOTEL/LOTEL T-Test p-Value Level 4	NOTEL/LOTEL T-Test p-Value Level 5	NOTEL/LOTEL T-Test p-Value Level 6	NOTEL/LOTEL T-Test p-Value Level 7	NOTEL/LOTEL T-Test p-Value Level 8	NOTEL/LOTEL T-Test p-Value Level 9	NOTEL	LOTEL
ABCB1B_7939	24646	abcb1b	0.00814461660707191	0.21573671674223274	1.323622	1.323622	-1.2931525	-1.0350727	-1.1273354	-1.0072018	1.2176839	-1.127689	-1.159404	1.2084035	1.323622	0.07804509	0.7503243	0.40772822	0.96684927	0.26631734	0.29170972	0.23132788	0.17616458	0.03511879			
ACMSD_32377	171385	acmsd	0.04289704708699122	0.39240584501957204	-2.1048222	2.1048222	-2.1048222	1.3697469	-1.052823	1.0935268	1.3470169	1.0090469	1.2064852	1.5725654	2.030507	0.12169994	0.29208028	0.8793223	0.80430293	0.72225577	0.9763644	0.6755873	0.3959223	0.013409753	100.0	300.0	
ACTA2_33040	81633	acta2	0.00961153384060873	0.23371843680771356	-1.114242	1.114242	1.0485277	-1.0282828	1.0212774	1.0579697	1.0115473	-1.0870361	-1.014903	-1.0506264	-1.114242	0.21287787	0.28651622	0.6299727	0.06910654	0.69623137	0.103081696	0.79880357	0.42255	0.007281691			
ADIPOQ_32429	246253	adipoq	0.01787507531632858	0.2944046748007673	-2.2153945	2.2153945	-1.2525296	-1.0591599	-2.1228116	-2.2153945	-1.5652437	-1.0542737	-1.6354511	1.4922937	1.3931758	0.39068288	0.8600178	0.047712408	0.05056403	0.37241876	0.8487185	0.20942688	0.10852222	0.25428835	0.1	0.3	
AEBP1_33321	305494	aebp1	0.012760109933254809	0.24806495793386812	1.5688777	1.5688777	1.0187515	1.4260032	1.4291922	1.3906387	1.2766727	1.230562	1.1030484	1.289458	1.5688777	0.952184	0.036604535	0.11124154	0.020402335	0.10367942	0.30412143	0.41583663	0.14325276	0.021833986			
AGL_8002	362029	agl	0.005203121873123874	0.18771615731191915	2.4942093	2.4942093	1.2853402	1.5597432	1.3116218	1.9015954	2.175685	1.6389935	1.0876739	2.2188377	2.4942093	0.5927817	0.18814787	0.3831592	0.024598962	0.1681046	0.17298552	0.8637421	0.014295673	0.008295157	30.0	100.0	
AGXT2_32707	83784	agxt2	0.032124556562869534	0.3709090909090909	2.0032828	2.0032828	1.6035393	1.2522099	1.0316336	1.4656773	1.6384467	1.235231	1.482439	2.0032828	1.6959743	0.020328071	0.2508172	0.9001065	0.09456353	0.24867389	0.3363029	0.12266457	0.11973918	0.025013022			
AKT2_32310	25233	akt2	0.04370594159113796	0.39295712891413315	-1.4832394	1.4832394	1.1147872	1.0817318	-1.2651557	1.0755079	-1.1895691	1.0476733	1.1769311	1.1268461	-1.4832394	0.39422432	0.59475255	0.32648775	0.49451402	0.41846704	0.8136393	0.15173897	0.36250696	0.12613997			
ALAD_8017	25374	alad	0.005186515060841812	0.18771615731191915	-1.6494175	1.6494175	1.2021043	-1.1562498	-1.0538275	1.0728644	-1.1871358	-1.1080096	1.0595131	-1.4009073	-1.6494175	0.12063522	0.3967187	0.7808647	0.5612337	0.2624211	0.6259844	0.69648635	0.1273828	0.061146546			
ALDH6A1_8027	500693;81708	bbof1;aldh6a1	0.03537170263788969	0.3709090909090909	1.2270201	1.2270201	1.1287042	1.1166961	1.0542401	1.1574929	1.0953641	1.0853971	1.1152432	1.2270201	1.0790901	0.12985063	0.066095725	0.3760923	0.018421378	0.05215314	0.14857943	0.113346376	0.045354225	0.1832358			
AMACR_8038	25284	amacr	0.011092851273623664	0.23972835853406183	-1.0840594	1.0840594	1.0245633	-1.008629	1.0124761	1.0413502	1.0110438	-1.0295184	-1.0315489	1.0028042	-1.0840594	0.3889078	0.80626935	0.65617055	0.14348848	0.64375186	0.35213834	0.30843225	0.94233966	0.09888943			
ANXA5_32426	25673	anxa5	0.04415322580645161	0.39295712891413315	-1.0728158	1.0728158	1.0016531	-1.0214319	-1.0146405	1.003054	-1.0192986	-1.0716984	-1.0232882	-1.0105821	-1.0728158	0.9616774	0.51153356	0.62168366	0.920712	0.4976113	0.095433906	0.38626364	0.76995194	0.030930795			
AQP9_32709	65054	aqp9	0.02359238699444885	0.32982164564003597	1.8755058	1.8755058	1.6477754	1.2305156	1.0281482	1.2068139	1.7419071	1.6391264	1.8755058	1.5031028	1.7141435	0.035010863	0.49854136	0.94099444	0.5852623	0.02269623	0.047517274	0.008282847	0.11730761	0.056831367			
AR_32869	24208	ar	0.04850157728706624	0.4122634069400631	1.4714197	1.4714197	1.4525405	1.197864	1.0343066	1.2272631	1.0522555	1.1822187	1.0610948	1.4714197	1.2289956	0.048397455	0.2687287	0.85006255	0.1780373	0.812599	0.2828268	0.6915772	0.015360299	0.20633337			
ASF1B_32459	304648	asf1b	0.0304356475034812	0.3610731454718818	-1.1171081	1.1171081	1.0427402	-1.0497292	1.0058725	1.0285451	-1.112662	-1.1047395	-1.0405024	-1.0833251	-1.1171081	0.44378	0.37291476	0.9234567	0.5723946	0.024094535	0.19432788	0.39983544	0.099054836	0.047306247			
ASPM_8092	289054	aspm	0.03832477281706835	0.3709090909090909	-1.2359945	1.2359945	1.1596501	-1.0739598	-1.0626847	1.0795215	1.0069906	1.0657941	1.1174253	-1.2359945	-1.1408145	0.088974275	0.33806998	0.6540619	0.28368092	0.9190213	0.5356024	0.21098894	0.16427206	0.19315535			
ATAD5_32790	303348	atad5	2.002803925495694E-4	0.03580081255358008	-1.4090029	1.4090029	1.1284819	-1.033574	-1.0637966	-1.0467372	-1.1315122	-1.0902603	-1.071614	-1.1882403	-1.4090029	0.07784824	0.6332409	0.64914525	0.5351275	0.14216673	0.37872565	0.31750655	0.046727024	0.0011941273			
ATF3_8095	25389	atf3	0.004631494160289972	0.18771615731191915	1.7843972	1.7843972	1.2077591	1.1511089	1.4488151	1.1195778	1.4400727	1.1923616	1.0264679	1.6022933	1.7843972	0.42945987	0.39471936	0.045980904	0.5768638	0.20981833	0.41279384	0.92996186	0.005494951	0.035771012			
ATP1B1_8103	25650	atp1b1	0.019403880776155232	0.297155275926289	1.1267041	1.1267041	1.060351	1.0574235	1.008703	1.0140686	1.0478662	1.0681667	1.0564802	1.1267041	1.1108556	0.19422026	0.29144207	0.7739898	0.62303543	0.3400007	0.02524405	0.43999702	0.0018159632	0.0885048			
BCL2A1_8136	170929	bcl2a1	0.008450704225352112	0.21573671674223274	-1.0429924	1.0429924	1.0228372	1.034346	1.0043358	1.0138152	1.0412935	-1.0024692	1.0046755	-1.0147487	-1.0429924	0.26799157	0.06994476	0.87309104	0.57929516	0.022589354	0.8978295	0.8401541	0.5394123	0.08086998			
BGN_32910	25181	bgn	0.017554358667464593	0.2944046748007673	-1.0953344	1.0953344	1.0338417	-1.0235326	-1.0264931	1.0060877	-1.013673	-1.0577631	-1.0220479	-1.0280639	-1.0953344	0.43759748	0.5364333	0.5098852	0.8361411	0.7427804	0.2091632	0.55556583	0.5899236	0.002099334			
BRCA1_8158	497672	brca1	0.0018036072144288577	0.17327119663259172	-1.6595157	1.6595157	-1.1018925	-1.3028927	-1.2257811	-1.1248997	-1.0768992	-1.1549318	-1.2185224	-1.1685219	-1.6595157	0.29887214	0.031135067	0.04227649	0.34824938	0.31497678	0.12732986	0.23136194	0.19590332	0.019641593			
BTG2_8161	29619	btg2	0.008535132989281461	0.21573671674223274	-1.0993199	1.0993199	1.0354443	-1.0609916	-1.0282145	-1.0566729	-1.0187128	-1.0359561	-1.0769812	-1.0584109	-1.0993199	0.39956456	0.091405325	0.5817368	0.16495065	0.60831976	0.4418783	0.04946438	0.1279452	0.032715924			
BUB1_8163	296137	bub1	0.028882294757665676	0.35202536700772435	1.9757327	1.9757327	1.1821325	1.0379436	-1.4165041	-1.1525494	1.5948265	1.3920296	1.5664182	1.7813765	1.9757327	0.5660511	0.91165364	0.3987416	0.73474145	0.3693822	0.40667808	0.3235229	0.031708464	0.005986263			
BUB1B_8164	171576	bub1b	0.008481421647819063	0.21573671674223274	-1.48177	1.48177	1.2301954	1.0897042	1.0361707	-1.0496647	-1.0529454	-1.0748566	-1.0308694	-1.3089107	-1.48177	0.039442863	0.37787125	0.8056432	0.7446342	0.74762833	0.4858398	0.86590004	0.19043994	0.068469055			
C1QA_8167	298566	c1qa	0.02464718743788511	0.32982164564003597	1.3365226	1.3365226	1.1462535	1.2322944	-1.0202259	1.1909218	1.1305809	1.2723846	1.114544	1.2209504	1.3365226	0.272283	0.15982206	0.84127766	0.09017935	0.33506674	0.08316217	0.47766024	0.098816656	0.058227494			
C1S_8172	192262	c1s	0.04359944256420466	0.39295712891413315	-1.0795522	1.0795522	1.0524405	1.0137194	-1.0013523	-1.0058198	1.0767144	-1.0323857	1.0497416	1.0502663	-1.0795522	0.32011992	0.67949164	0.9688979	0.8605984	0.07152744	0.45930812	0.41086444	0.14978427	0.17729063			
C2_32411	24231	c2	0.005366726296958855	0.18771615731191915	1.2923695	1.2923695	1.220763	1.1314312	1.1288395	1.0920247	1.1629188	1.1806071	1.0085317	1.2923695	1.2155068	0.0019734856	0.18209223	0.0142441215	0.05609571	0.13184376	0.054038275	0.9436122	0.0036264833	0.054215908			
C7_8179	117517	c7	0.004213483146067416	0.18771615731191915	-1.0729715	1.0729715	1.0141082	-1.0278853	1.0125526	1.0110747	1.0057043	-1.027604	-1.0037183	-1.0136917	-1.0729715	0.68299234	0.16448022	0.60760117	0.5317853	0.84209466	0.24351288	0.91174054	0.582438	0.003719136			
CALCOCO1_32442	246047	calcoco1	0.03548895899053628	0.3709090909090909	1.2860075	1.2860075	1.2860075	1.0800288	1.1861694	1.2549099	1.2679319	1.2385222	1.2057611	1.2293545	1.2375346	0.046730366	0.5009597	0.09900021	0.035900187	0.04938338	0.06517082	0.11520105	0.05216307	0.105852865			
CAMP_33271	316010	camp	0.036313400434181964	0.3709090909090909	1.322082	1.322082	1.1425984	1.2200572	1.3179625	1.1489576	1.1065936	1.0878392	1.322082	1.1516821	1.1586578	0.06667174	0.018708361	0.021527259	0.11133535	0.21240343	0.39283034	0.012749483	0.0399136	0.16932425			
CCL11_33230	29397	ccl11	0.026562812063111643	0.3401810798215831	2.0568695	2.0568695	1.1813602	1.3835638	1.0717568	1.2923002	1.375793	1.0491353	1.094036	2.0568695	1.625424	0.59044415	0.28469586	0.7860241	0.3420098	0.17740612	0.806156	0.7708254	0.0727069	0.023189468			
CCL21_33005	298006	ccl21	0.033658633738299144	0.3709090909090909	-1.0760953	1.0760953	1.0027481	1.0005381	-1.0065875	1.0302329	1.0250276	1.0001267	1.0310259	-1.0396464	-1.0760953	0.94045883	0.98954856	0.79987913	0.23879087	0.28506148	0.9948097	0.48516408	0.46891642	0.00950365			
CCL24_33270	288593	ccl24	0.002180376610505451	0.17577490563879675	1.3431473	1.3431473	1.1345361	1.2305639	1.1045134	1.2019103	1.1576654	1.2503896	1.1630741	1.2908803	1.3431473	0.1395642	0.0396663	0.18520871	0.013697283	0.29888695	0.06785879	0.24529427	0.001073508	0.015478993			
CCNA2_8221	114494	ccna2	0.0050110242533573865	0.18771615731191915	-1.1978092	1.1978092	1.0836407	-1.0289025	1.0155411	1.034048	-1.0343876	-1.016929	1.0430442	-1.0857213	-1.1978092	0.11404786	0.6322686	0.82048166	0.57203263	0.55995053	0.8244349	0.56696814	0.15295418	0.07839657			
CCNB2_8223	100364016;363088	ccnb2-ps2;ccnb2	0.025153495741731036	0.3303052013182405	-1.0928886	1.0928886	1.0583727	-1.008126	1.0041867	1.0403614	-1.0234975	1.0100186	1.0136341	-1.0593858	-1.0928886	0.17788924	0.85446084	0.9361321	0.39859372	0.5788573	0.84351665	0.8390932	0.18433128	0.13475165			
CCND2_33278	64033	ccnd2	0.027872468417886504	0.34995432569124163	1.259048	1.259048	1.1896988	1.1965058	1.0045269	1.1442506	1.1008053	1.1139585	1.0742402	1.1047359	1.259048	0.045764707	0.04798897	0.9725323	0.20801996	0.414338	0.33534932	0.5363938	0.4525243	0.021148425			
CCNG1_32302	25405	ccng1	0.012782694198623401	0.24806495793386812	1.5223513	1.5223513	1.3257601	1.3202697	1.1374562	1.0052928	1.5223513	1.4154588	1.4408078	1.4088018	1.1319704	0.045501012	0.07601768	0.2429305	0.9635826	0.0052445754	0.04683448	0.036743455	0.017073004	0.31000206			
CCT2_8233	299809	cct2	0.03861464968152866	0.3709090909090909	1.0540284	1.0540284	1.0161893	1.0540284	1.0389146	1.0329506	1.0357955	-1.0007768	-1.0081164	-1.0039426	-1.0450453	0.6823272	0.080010474	0.2670541	0.15464126	0.16670266	0.9786025	0.8099302	0.8983812	0.27566323			
CD4_8246	24932	cd4	0.016025641025641024	0.2864036363636364	1.1766068	1.1766068	1.1123791	1.155049	1.0850998	1.0664107	1.154833	1.1716167	1.052208	1.1766068	1.1726271	0.12980711	0.04252319	0.089617275	0.16475536	0.05653993	0.027894156	0.33813182	0.008905149	0.09040922			
CD53_8250	24251	cd53	0.038117927337701016	0.3709090909090909	1.0798775	1.0798775	1.0426842	1.0647902	1.0000895	1.02264	1.0569642	1.0754889	1.0406846	1.0524509	1.0798775	0.27306148	0.08341115	0.99662876	0.3634673	0.098030254	0.03676626	0.4282624	0.03903409	0.10884642			
CDCA8_33310	500545	cdca8	0.0031859816806053365	0.17577490563879675	-1.7464197	1.7464197	1.2414914	-1.1971881	-1.3161528	-1.2133795	-1.5580281	1.0140454	-1.099456	-1.2265428	-1.7464197	0.09188091	0.3567235	0.2363591	0.32954508	0.028390206	0.92462015	0.69042814	0.22585449	0.03609251			
CDH1_8262	83502	cdh1	0.043174095542674394	0.39295712891413315	1.2130777	1.2130777	1.087303	1.1845062	1.0002093	1.1039948	1.1116363	1.1986802	1.0913798	1.1738937	1.2130777	0.36641893	0.084977955	0.99673945	0.13831817	0.30507556	0.052953422	0.49137563	0.022272417	0.08565843			
CDK2_8266	362817	cdk2	0.044129392971246004	0.39295712891413315	1.1579651	1.1579651	1.0980266	1.0509834	1.0083901	1.09172	1.0442091	1.058975	1.1579651	-1.0472572	-1.1309505	0.27795684	0.40024292	0.9079707	0.18747263	0.47715646	0.47113582	0.18667084	0.6251716	0.18098047			
CDKN3_8274	289993	cdkn3	0.006797281087564974	0.2043145048560211	-1.1082616	1.1082616	1.0493591	-1.0149574	-1.0071492	1.0271043	-1.0385317	-1.0112509	1.0224502	-1.0767463	-1.1082616	0.13472871	0.71868134	0.88753843	0.5319146	0.392416	0.7875535	0.6677497	0.0450081	0.060207658			
CENPE_8286	362044	cenpe	0.04588607594936709	0.3989828251897218	-1.3323457	1.3323457	1.1731818	1.0490601	-1.0532888	1.1321737	-1.2920512	-1.0172652	-1.0569246	-1.1975003	-1.3323457	0.23282422	0.76909816	0.7656968	0.29347116	0.1854837	0.9074901	0.76608026	0.3345464	0.13851508			
CENPF_8287	257649	cenpf	0.028953674121405752	0.35202536700772435	-1.1452991	1.1452991	1.0727377	1.0158943	-1.0102744	1.0675936	1.0102693	-1.0261755	1.0035572	-1.052466	-1.1452991	0.13808042	0.7881717	0.89474034	0.28201059	0.8931612	0.66892445	0.9692963	0.36679745	0.056272205			
CES1D_32914	113902	ces1d	0.008792965627498001	0.2165549611592777	1.8308253	1.8308253	1.1861068	1.1389935	1.1241995	1.4543791	1.4705878	1.4043725	1.0385971	1.7466596	1.8308253	0.5968174	0.6856338	0.6939462	0.19820459	0.2934183	0.181484	0.9026209	0.058619726	0.030723657			
CHEK1_8304	140583	chek1	0.0031853474019510252	0.17577490563879675	-1.2395669	1.2395669	1.1953634	1.0793766	-1.0945736	-1.0224875	-1.0575265	-1.0617323	1.0865816	-1.2395669	-1.1273726	0.049124815	0.36337787	0.4742995	0.803207	0.5047926	0.48610678	0.37259337	0.056941457	0.18838795			
CKM_32556	24265	ckm	2.0329335230737954E-4	0.03580081255358008	-1.7300961	1.7300961	1.0822116	1.0546706	1.0552543	1.0314869	1.0575844	1.0423946	1.0750982	1.0310855	-1.7300961	0.317093	0.60485286	0.4792123	0.69846874	0.63341755	0.6346324	0.32426462	0.7277042	3.6359625E-4			
CKS2_8325	498709	cks2	0.03044968743698326	0.3610731454718818	-1.0569743	1.0569743	1.042754	-1.0034318	1.0081961	1.0380248	-1.0155734	1.0242769	1.0420365	-1.0569743	-1.0370656	0.05073897	0.9079243	0.79911673	0.16664673	0.47299093	0.37995768	0.25185382	0.027778482	0.21830559			
CLK1_32739	301434	clk1	0.007258064516129033	0.20810062590274436	-1.1101091	1.1101091	1.018938	1.0277218	-1.0417428	-1.0189362	1.045416	1.0070218	1.0049381	-1.0237476	-1.1101091	0.6139438	0.4271692	0.16812302	0.5089377	0.1253787	0.83439326	0.9101548	0.34538192	0.09420968			
CNN3_32615	54321	cnn3	0.006988817891373802	0.2043145048560211	-1.0629287	1.0629287	1.0259553	-1.0175751	1.014741	1.0281166	-1.0108542	-1.0479082	-1.0326542	-1.0162138	-1.0629287	0.2788229	0.23291469	0.5982838	0.14241926	0.6357477	0.044409852	0.13460417	0.6348307	0.04474785			
COL1A2_8353	84352	col1a2	0.00544904137235116	0.18771615731191915	-1.084476	1.084476	1.039844	-1.0099758	-1.0114993	1.0108035	1.0021822	-1.0479498	-1.0138896	1.0166284	-1.084476	0.24395913	0.73269165	0.7217043	0.7179645	0.94651926	0.13662528	0.735105	0.54629993	0.031804424			
COL3A1_8354	84032	col3a1	0.030376181854757593	0.3610731454718818	-1.0832568	1.0832568	1.0409269	-1.011932	-1.0106884	1.0037184	-1.0155673	-1.0735765	1.0010594	1.0163654	-1.0832568	0.377056	0.69689125	0.81793314	0.89905643	0.6589616	0.12602943	0.9849127	0.5795285	0.03799767			
COL4A1_8355	290905	col4a1	0.0069874226392493514	0.2043145048560211	-1.4605649	1.4605649	1.036015	-1.0978447	-1.1510744	-1.0256715	-1.0537297	-1.1211281	-1.0260655	-1.1973431	-1.4605649	0.5866626	0.17869513	0.3964606	0.7512905	0.73453295	0.060217705	0.85307574	0.16146958	0.0039614127			
COL4A2_8356	306628	col4a2	0.0028084252758274826	0.17577490563879675	-1.1302862	1.1302862	1.0379411	-1.0061681	-1.0123634	1.0076149	-1.0147991	-1.0783163	-1.0236838	-1.013576	-1.1302862	0.34540403	0.84252393	0.79808444	0.7837555	0.6951932	0.18255185	0.37867507	0.77733076	0.0016361485			
COL6A3_33029	367313	col6a3	0.03407053197848177	0.3709090909090909	-1.1700466	1.1700466	1.0367182	-1.0818484	-1.055669	1.0723951	1.0244958	-1.1365458	-1.0248263	-1.0234743	-1.1700466	0.62519747	0.16158053	0.14276205	0.1442656	0.7143788	0.18729661	0.6810929	0.77135617	0.055482328			
COX8B_32651	25250	cox8b	2.0181634712411706E-4	0.03580081255358008	-2.9968915	2.9968915	1.148127	-1.0124044	-1.1226943	1.0893316	1.1430662	1.121442	1.2285511	1.1226771	-2.9968915	0.44920403	0.92947173	0.59563845	0.5140469	0.5077922	0.35389975	0.3211114	0.36444557	0.0013545587	100.0	300.0	
CPS1_32421	497840	cps1	0.0018039687312086591	0.17327119663259172	1.6760457	1.6760457	1.0345918	1.1175743	1.0829456	1.1875501	1.289197	1.063037	1.1902716	1.282501	1.6760457	0.7845485	0.4214178	0.4166185	0.32575062	0.38133106	0.6967219	0.35561013	0.03981104	6.329508E-5			
CSRP1_8396	29276	csrp1	2.0153164046755341E-4	0.03580081255358008	-1.0833733	1.0833733	1.0240496	1.0222012	1.0155249	1.008874	1.016772	-1.0420063	-1.0125419	-1.0068837	-1.0833733	0.39855	0.31316444	0.49229178	0.658965	0.44085464	0.065876685	0.6849683	0.8402171	0.0029970673			
CSRP3_32915	117505	csrp3	8.092251669026907E-4	0.10363476970800459	-1.5248375	1.5248375	1.0802794	1.2418069	1.1864291	1.1553282	1.2395415	-1.1129417	1.3204173	1.012029	-1.5248375	0.48913005	0.034851167	0.08032416	0.13809681	0.1866289	0.5174873	0.05486752	0.90244925	0.045881104			
CTSK_33244	29175	ctsk	0.0022137250955926746	0.17577490563879675	-1.1245279	1.1245279	1.0143944	-1.0162929	1.0045998	-1.0027248	1.0084621	-1.0279698	-1.0000082	-1.0328965	-1.1245279	0.7484503	0.65470743	0.88687694	0.9262655	0.7254901	0.2131291	0.99976546	0.46260497	0.006499379			
CTSZ_8405	252929	ctsz	0.00782975306163421	0.21573671674223274	1.1092137	1.1092137	1.0384977	1.0730445	1.0040778	1.032306	1.0459806	1.0597043	1.013844	1.0765142	1.1092137	0.20666978	0.080309264	0.8598778	0.21943273	0.17496452	0.14581503	0.7217794	0.04877806	0.059027523			
CXCL12_32815	24772	cxcl12	0.003009027081243731	0.17577490563879675	-1.0892121	1.0892121	1.0157512	-1.018177	1.0064899	1.0040704	-1.0187632	-1.0442355	1.0007275	-1.0251418	-1.0892121	0.61047065	0.4618186	0.8103799	0.8618978	0.4741264	0.15713884	0.97982764	0.5258518	0.008638193			
CXCL12_8410	24772	cxcl12	0.007019655034095467	0.2043145048560211	-1.1579348	1.1579348	1.0021412	-1.0284445	1.0163759	1.0212435	-1.0248289	-1.077312	1.0035168	-1.0608629	-1.1579348	0.9703158	0.48433852	0.7305689	0.5730363	0.55284697	0.12129478	0.9411303	0.39669436	0.009304094			
CYBB_32987	66021	cybb	0.01904384050783575	0.297155275926289	1.0995061	1.0995061	1.0568783	1.095784	1.0299029	1.0406331	1.0659285	1.0870049	1.0425026	1.0770117	1.0995061	0.12703514	0.04080764	0.25352862	0.18449149	0.10694663	0.03795293	0.45298287	0.012379002	0.087991126			
CYP4A2_32530	24306;298423	cyp4a2;cyp4a3	0.019792083166733306	0.297155275926289	1.8120557	1.8120557	-1.3213238	1.0104719	-1.0684009	1.1711779	1.2725552	1.1155506	1.1415184	1.8120557	1.5818331	0.43043658	0.9485404	0.8302154	0.46451727	0.4806245	0.592576	0.47109592	0.10259009	0.011097431			
DCN_8441	29139	dcn	0.0346406529962174	0.3709090909090909	-1.4810091	1.4810091	-1.0331515	-1.1082987	-1.4810091	-1.2622638	-1.0915347	-1.0207052	-1.0620954	1.3919582	1.1187536	0.8673776	0.49813962	0.040807813	0.32323876	0.6864783	0.90162843	0.74819624	0.021075023	0.46574512			
DHRS7_8469	299135;299131	dhrs7;dhrs7l1	0.04269392663860493	0.39240584501957204	2.329646	2.329646	1.1376352	1.3017277	1.0801966	1.1384217	1.3316163	1.3882117	1.3392786	1.9435556	2.329646	0.72277725	0.45451918	0.82358783	0.8181254	0.729649	0.5267345	0.48382652	0.11011145	0.021170579	100.0	300.0	
DLGAP5_8475	289997	dlgap5	0.0069472012703453755	0.2043145048560211	-1.1522726	1.1522726	1.0444728	-1.0705699	1.0065199	1.0624254	-1.0616049	1.0179665	1.0054892	-1.0845726	-1.1522726	0.3264838	0.21990624	0.91885287	0.22860329	0.28097567	0.77643645	0.9493242	0.11919539	0.016201077			
DNMT1_8488	84350	dnmt1	0.018697225572979495	0.2944046748007673	1.1179492	1.1179492	1.1179492	1.0303891	1.0501755	1.0534786	1.0288457	1.0394723	1.0287575	-1.0170337	-1.0662233	0.022046054	0.52590483	0.39327392	0.17422976	0.46507198	0.38132194	0.4833867	0.7294226	0.222575			
DSCC1_8498	299933	dscc1	0.00406421459053038	0.18771615731191915	-1.9094827	1.9094827	1.1135048	-1.0458528	-1.3696655	-1.371813	-1.0838716	-1.0284425	-1.0851645	-1.1900028	-1.9094827	0.16142859	0.5839742	0.23254539	0.23976158	0.3323147	0.7420208	0.4000844	0.07188134	0.07137915			
ECT2_8523	361921	ect2	0.019603960396039604	0.297155275926289	-1.1494852	1.1494852	1.0952036	-1.021567	-1.0200577	1.0320655	-1.0422765	-1.0010629	1.027473	-1.0789942	-1.1494852	0.1248214	0.7030226	0.82425314	0.5498119	0.5253228	0.9889437	0.7894741	0.20570698	0.042866714			
EMP1_32450	25314	emp1	0.03744715119790618	0.3709090909090909	-1.1890019	1.1890019	-1.0020897	1.0054002	-1.0029728	-1.0085834	-1.0206195	-1.1466672	-1.0688885	-1.0260094	-1.1890019	0.9814683	0.9277247	0.96248764	0.8958305	0.71325654	0.113756955	0.44162747	0.7361013	0.07722159			
EXT1_8582	299907	ext1	0.032667876588021776	0.3709090909090909	1.1077057	1.1077057	1.0589216	1.0755482	1.0098513	1.0308634	1.0623392	1.046209	1.0498403	1.0881394	1.1077057	0.1669781	0.08866219	0.7495774	0.55572414	0.15817043	0.36918932	0.36353272	0.01003006	0.10850954			
FCGR3A_8626	304966	fcgr3a	0.012913324202700058	0.24806495793386812	1.2347038	1.2347038	1.1565684	1.2267174	1.1542176	1.1750231	1.2044588	1.1914232	1.1773245	1.2347038	1.2328181	0.21244729	0.02207934	0.14573415	0.10047682	0.056775562	0.057153963	0.06729912	0.018176433	0.055468164			
FCNB_8627	114091	fcnb	0.049901768172888016	0.41723089103222627	1.1864498	1.1864498	1.1189177	1.1455003	1.1864498	1.0207018	1.1088524	1.1148508	1.10003	1.0869812	1.1793802	0.17410207	0.090321034	0.04779111	0.7854202	0.3025861	0.30470568	0.21940958	0.26753446	0.1068518			
FOLR2_32628	293154	folr2	0.018631104138066287	0.2944046748007673	1.2620952	1.2620952	1.0909283	1.2289993	1.0019592	1.0090034	1.0837605	1.1762556	-1.0136317	1.1959606	1.2620952	0.4247759	0.020504735	0.9838508	0.9329634	0.3776218	0.14796206	0.91136587	0.015435838	0.028046664			
FSTL1_32837	79210	fstl1	0.0032025620496397116	0.17577490563879675	1.5779678	1.5779678	1.0409032	1.2720462	1.3043659	1.3534921	1.2191454	1.2542231	1.2187657	1.1681851	1.5779678	0.7756901	0.11698757	0.065582	0.069091484	0.34401283	0.16695648	0.30385342	0.20689937	0.0027777683			
FSTL1_34093	79210	fstl1	0.0351666325904723	0.3709090909090909	-1.0811362	1.0811362	1.0554305	-1.0163852	1.0041592	1.0095489	1.0076078	-1.0678352	-1.0199702	1.0144019	-1.0811362	0.20020801	0.6587296	0.92827106	0.786211	0.8825031	0.18583345	0.568093	0.7771754	0.11744246			
FZD1_8671	58868	fzd1	0.009953280520008125	0.23508375938213857	-1.2713377	1.2713377	-1.0053684	-1.0407989	-1.0434401	1.0293326	1.0883842	-1.080311	-1.0490589	1.0067555	-1.2713377	0.9510935	0.6794278	0.671842	0.75617075	0.29952207	0.41803357	0.60933256	0.9371867	0.07317948			
G0S2_32729	289388	g0s2	0.012305830139197095	0.24806495793386812	-1.1128666	1.1128666	1.0275598	1.0168257	-1.0146307	1.0149744	-1.0258667	-1.0428935	-1.0238775	-1.042292	-1.1128666	0.62589824	0.5739376	0.66972876	0.66753095	0.5053229	0.37944338	0.5159144	0.39404005	0.01091364			
GADD45A_8678	25112	gadd45a	0.04042005151575193	0.37692679107650223	-1.1030184	1.1030184	1.0228422	-1.0203089	1.001052	1.0106864	-1.0699013	-1.027708	-1.0184753	-1.0552843	-1.1030184	0.53954357	0.6161405	0.9845746	0.8096342	0.30843288	0.5540211	0.73563546	0.23838094	0.052503534			
GAR1_8683	499709	gar1	0.004682410423452769	0.18771615731191915	1.7187246	1.7187246	1.0801176	1.2761953	1.7187246	1.3162799	-1.1484932	-1.0176165	1.0168302	1.015858	1.5653045	0.55158997	0.24319048	0.0043524895	0.15611427	0.4894878	0.90810853	0.9317189	0.92465675	0.0047598025			
GHR_8706	25235	ghr	0.011964107676969093	0.24806495793386812	-1.2916242	1.2916242	1.0027511	-1.0948769	-1.0620162	-1.0342114	-1.0651567	-1.0708836	-1.0391796	-1.0676168	-1.2916242	0.97793484	0.033558756	0.54977036	0.31652287	0.3010364	0.24928275	0.73919016	0.5173547	0.01191336			
GJA1_8709	24392	gja1	0.0020185708518368995	0.17577490563879675	-1.6635765	1.6635765	1.0928199	1.0556248	-1.0822735	-1.0285773	1.1631882	-1.0494787	1.306619	1.135204	-1.6635765	0.3678835	0.74816513	0.5227733	0.8663945	0.27565292	0.73955154	0.052577354	0.23835814	0.0033682717			
GMNN_8719	291137	gmnn	5.965400676078744E-4	0.08917877535861846	-1.0826472	1.0826472	1.016279	-1.0052594	1.0092326	1.0098238	-1.0170268	-1.0335385	-1.0148689	-1.0826472	-1.0600876	0.4687098	0.8362251	0.75318676	0.63165116	0.49838126	0.14774038	0.62376803	0.0052722897	0.023922823			
GRB14_32726	58844	grb14	0.0283987915407855	0.35202536700772435	-2.2621465	2.2621465	-1.2129731	1.0615879	-2.2621465	1.4872854	1.3490635	1.2545136	1.0495204	1.3527187	1.7384714	0.67336327	0.7979973	0.08558556	0.12452255	0.55934584	0.4814349	0.911529	0.25479814	0.028244328			
GRIK2_32967	54257	grik2	0.003375694996028594	0.1801308357603036	2.069828	2.069828	-1.1565021	1.1347588	1.2693099	1.1645151	1.2213849	1.5780381	1.2105143	1.4259632	2.069828	0.64287007	0.6558659	0.3935909	0.5015651	0.6528453	0.07173114	0.6800127	0.28445962	0.0038880163	100.0	300.0	
GRIK4_32724	24406	grik4	0.00848293549023476	0.21573671674223274	2.8520505	2.8520505	1.5075517	2.4119391	1.4189694	1.3101816	1.8637003	1.5860068	2.0539887	2.8352828	2.8520505	0.292781	0.01266784	0.51345956	0.5904458	0.4230113	0.41245484	0.13082092	0.0022332247	0.0119366	0.01	0.1	
GRN_8752	29143	grn	0.04560844453296156	0.3989828251897218	1.1657938	1.1657938	1.1031706	1.1254395	1.0350246	1.0923263	1.0693413	1.1356286	1.0410717	1.1657938	1.1484796	0.108045205	0.13754515	0.4842908	0.10186179	0.41370684	0.04188753	0.6578979	0.0071672914	0.11677779			
GSTA4_8757	300850	gsta4	0.04476709013914096	0.39448431264811823	-1.1086015	1.1086015	1.030385	-1.0665848	-1.0078459	1.0325093	-1.0272317	-1.0089402	-1.0155085	-1.1055877	-1.1086015	0.35484666	0.3405251	0.86914426	0.4137816	0.53555197	0.8401446	0.7785145	0.12534006	0.07147744			
H2AFZ_33045	58940	h2az1	0.02702702702702703	0.3438339001252909	1.0326544	1.0326544	1.0226402	1.0326544	1.0089529	1.0111854	1.0096437	-1.0041406	-1.0143198	-1.005939	-1.0262975	0.15414585	0.12051754	0.6353508	0.28574008	0.5971799	0.7336174	0.5454589	0.729871	0.13167687			
HBA2_32600	360504	hba-a2	0.03730886850152905	0.3709090909090909	-1.0279536	1.0279536	1.0079719	-1.0111865	-1.0074362	-1.0033002	-1.0044848	-1.0031515	1.0141705	-1.0109786	-1.0279536	0.46606135	0.32570437	0.45065928	0.6847139	0.59445053	0.81158406	0.09863989	0.4347254	0.23881169			
HEXA_8797	300757	hexa	0.00293140512018761	0.17577490563879675	1.1962155	1.1962155	1.1309236	1.1863849	1.1404673	1.0954297	1.1495179	1.150309	1.1325854	1.1962155	1.1944784	0.05376658	0.017794004	0.032517046	0.07855434	0.060627017	0.047992088	0.02175072	0.008649518	0.014572098			
HGF_32812	24446	hgf	0.011487303506650543	0.24519011151417439	-1.1130934	1.1130934	1.0639186	-1.0200768	-1.0240731	-1.0332139	1.0005946	-1.0409238	1.0346264	-1.0061275	-1.1130934	0.22246298	0.67356646	0.660856	0.40406868	0.99020326	0.34996414	0.5375299	0.9101112	0.07903818			
HMGB2_8808	29395	hmgb2	0.0055361902809103955	0.18771615731191915	1.1063724	1.1063724	1.0636133	1.0855191	1.1063724	1.0669823	-1.0227726	1.0354484	1.0195447	-1.0372741	1.090509	0.04027453	0.012739922	0.0074217147	0.20524937	0.51405597	0.19294937	0.612234	0.20372787	0.017027894			
HMGCS2_8812	24450	hmgcs2	0.027661691542288556	0.34959282534694947	-1.1593361	1.1593361	1.0195044	-1.0831976	1.0136081	1.0148706	-1.1049625	-1.1593361	-1.0454651	-1.0121063	-1.1282605	0.7068495	0.07368506	0.7825978	0.73803	0.09199614	0.01912542	0.3517677	0.8558415	0.023494957			
HRAS_33089	293621	hras	0.038485033598045205	0.3709090909090909	1.1464276	1.1464276	1.0614944	1.041314	-1.0154303	1.0407928	1.0977116	1.0337765	1.0620549	1.0857501	1.1464276	0.10686293	0.25076944	0.6582376	0.24945177	0.43160096	0.4670754	0.17717813	0.116387956	0.023765601			
HSD3B_8835	360348;682974	hsd3b1;hsd3b3	2.050020500205002E-4	0.03580081255358008	2.6230848	2.6230848	1.0471743	-1.0739185	1.0689086	1.1558489	1.1898638	-1.0967195	1.0098991	1.1574749	2.6230848	0.74599266	0.687353	0.7253634	0.39979604	0.32698575	0.6039057	0.9430652	0.43615994	7.4064E-7	100.0	300.0	
HSPA2_32402	60460	hspa2	8.025682182985554E-4	0.10363476970800459	1.8758681	1.8758681	1.2513613	1.3550664	1.2521293	1.4888508	1.4471879	-1.0341938	1.2931612	1.5070531	1.8758681	0.3783221	0.22879106	0.20412752	0.020621667	0.113817364	0.89367306	0.40359008	0.03191636	0.0020017023			
HTRA1_8856	65164	htra1	0.044761140104375756	0.39448431264811823	-1.064669	1.064669	1.0145464	-1.0066881	-1.0044374	1.0122098	1.0302094	-1.0401716	-1.0170666	-1.0169803	-1.064669	0.6758907	0.8360992	0.8817427	0.6720844	0.2894286	0.16976577	0.6368525	0.653087	0.09973064			
IDH2_33002	361596	idh2	0.04418466415692491	0.39295712891413315	1.1098788	1.1098788	1.1059642	1.0658398	1.0279232	1.0671891	1.0727965	1.0823929	1.0594301	1.1033846	1.1098788	0.08565595	0.1869924	0.54925865	0.046460476	0.22123927	0.08194808	0.28599313	0.022766111	0.08840608			
IGF1_8876	24482	igf1	0.024108589951377633	0.32982164564003597	-1.2940854	1.2940854	1.0464171	1.026201	1.016273	1.1011528	-1.0081257	-1.1040939	1.0602564	-1.2940854	-1.146309	0.59960914	0.6407381	0.80886227	0.16130583	0.9307652	0.1345192	0.49727502	0.063971706	0.2695551			
IGFBP3_8881	24484	igfbp3	0.03666599879783611	0.3709090909090909	-1.1270322	1.1270322	1.0782608	1.0650212	1.010714	1.0247937	1.0973327	-1.1044022	1.0264689	-1.0077102	-1.1270322	0.31430772	0.3660786	0.9004076	0.7364449	0.20774089	0.19624507	0.7717538	0.9294681	0.12080762			
IGFBP7_32929	289560	igfbp7	0.0010154346060113728	0.12191561738424045	-1.0758132	1.0758132	1.0063999	1.0009701	-1.0058662	1.001456	-1.0055475	-1.0306585	-1.015711	-1.0039976	-1.0758132	0.7566372	0.9595407	0.76170856	0.9367851	0.7926609	0.16403356	0.44783112	0.87631583	0.007210913			
IGSF6_8886	171064	igsf6	0.03752978554408261	0.3709090909090909	1.1637759	1.1637759	1.0970128	1.1430494	-1.0314922	1.0503149	1.0735384	1.1392428	1.0913125	1.0601926	1.1637759	0.14963205	0.06228224	0.6907117	0.46482125	0.43016797	0.09099656	0.21096013	0.4172012	0.0364092			
IL36B_33203	362076	il36b	0.010307194826192401	0.23508375938213857	2.681852	2.681852	1.126632	1.6061403	1.3415728	1.8428552	2.369992	1.579526	1.7210131	1.995783	2.681852	0.8144085	0.253643	0.43760255	0.083100416	0.20285319	0.19531839	0.3223138	0.053687662	7.457714E-4	100.0	300.0	
INHBA_33300	29200	inhba	2.034587995930824E-4	0.03580081255358008	3.0365982	3.0365982	1.5139377	1.5022238	1.511875	1.0914716	1.4501665	1.15192	-1.0755917	1.578449	3.0365982	0.16216	0.14002873	0.149022	0.75754404	0.31017625	0.6178668	0.8672788	0.21564639	4.337909E-5	100.0	300.0	
IRF7_8913	293624	irf7	0.025275827482447343	0.3303052013182405	1.3183987	1.3183987	1.1345286	1.2028207	1.0455652	1.1019032	1.3183987	1.1928599	1.1312195	1.2807978	1.2021565	0.038216397	0.04093922	0.67562866	0.098802455	0.019826718	0.02095269	0.27141908	0.033357468	0.16470416			
ITPKC_32806	308451	itpkc	0.01039623381718321	0.23508375938213857	1.8354782	1.8354782	1.4004737	1.1247993	1.1011536	1.5567111	1.4525247	-1.0435047	1.1610888	1.3930007	1.8354782	0.30811954	0.71513575	0.8234995	0.104633205	0.23267674	0.90081954	0.69096196	0.24425508	0.024671303			
KDM5A_8953	312678	kdm5a	0.002196047115192653	0.17577490563879675	1.9188068	1.9188068	1.5555716	1.4615375	1.2783886	1.2976733	1.5095525	1.654961	1.3417627	1.7267262	1.9188068	0.03437911	0.010486211	0.20370619	0.15459482	0.28101724	0.003643177	0.3727352	0.00776424	8.434064E-6			
KIF18B_32882	303575	kif18b	0.023576423576423578	0.32982164564003597	-1.1549315	1.1549315	1.1006858	-1.018753	1.0256325	1.0584025	-1.0429324	-1.0258816	-1.0793055	-1.0146624	-1.1549315	0.023081807	0.7170931	0.7201287	0.41737792	0.48040828	0.74924827	0.50960225	0.79570323	0.0591625			
KIF20A_8961	361308	kif20a	0.0029850746268656717	0.17577490563879675	-1.2339182	1.2339182	1.1117827	1.0298156	1.0190895	1.098813	1.0184689	1.0467325	1.0289729	-1.1183007	-1.2339182	0.08942409	0.6141911	0.8688483	0.2602866	0.76674384	0.4304466	0.71800566	0.20247564	0.026951307			
KIF22_8963	293502	kif22	0.014425966740132239	0.26686733040055566	-1.1614364	1.1614364	1.1337215	1.0059767	1.0303777	1.0287513	-1.014974	-1.0252154	-1.0051069	-1.054433	-1.1614364	0.037595358	0.9187481	0.7136908	0.62929606	0.7740823	0.8150389	0.9619523	0.3751641	0.054440215			
KIFC1_8966	294286	kifc1	0.02376276512175962	0.32982164564003597	-1.3111973	1.3111973	1.0983748	-1.1990335	-1.0055242	1.1149722	-1.0230666	-1.0198054	-1.0224534	-1.3004498	-1.3111973	0.40177572	0.16297303	0.96687496	0.045599047	0.8107076	0.85813093	0.8103998	0.0025584868	0.090917654			
KLHDC2_8970	299113	klhdc2	0.019788127123725765	0.297155275926289	-1.0617611	1.0617611	1.0078355	1.0091199	-1.0161757	-1.0251004	-1.0118903	-1.0617611	-1.0179001	-1.0291342	-1.0578886	0.6408251	0.5099043	0.471972	0.26072824	0.34904334	0.068868205	0.5916965	0.31348592	0.012070393			
KNTC1_8976	304477	kntc1	0.010135135135135136	0.23508375938213857	-1.1653551	1.1653551	-1.0004685	-1.0821048	-1.083412	-1.0364285	-1.0661632	-1.0399319	-1.081925	-1.1047482	-1.1653551	0.9912441	0.20375118	0.3175703	0.55296665	0.17827341	0.49240237	0.14500414	0.04203434	0.01505469			
KRT19_33154	360626	krt19	0.046475600309837335	0.40035707710850904	1.5365036	1.5365036	-1.1999027	1.1612316	-1.0696837	-1.0978099	1.1524677	1.2104223	1.5365036	1.485362	1.2954068	0.47561562	0.45453605	0.81478804	0.77038574	0.5457913	0.15954956	0.039254084	0.008462922	0.09456228			
KRT8_8978	25626	krt8	0.03574936161854252	0.3709090909090909	1.7083833	1.7083833	1.1744188	1.2264167	1.39315	1.3981423	1.4511209	1.1420412	1.3367397	1.7083833	1.1955404	0.38678783	0.32362494	0.07545822	0.09160851	0.06320332	0.46185836	0.12354846	0.0019100077	0.37007958			
LIG1_8999	81513	lig1	0.0027821939586645467	0.17577490563879675	-1.2740229	1.2740229	1.083346	1.0126897	1.0103886	1.0121208	-1.0603642	-1.0513579	-1.0304012	-1.0587909	-1.2740229	0.099638455	0.8206504	0.9102194	0.8114785	0.40913305	0.5571385	0.80018795	0.44403568	0.003801022			
LILRA3_32676	361493	pira2	0.01717171717171717	0.2944046748007673	4.318661	4.318661	2.0704336	1.2763901	1.7487777	2.817626	3.9300478	3.367433	3.0253932	2.6170886	4.318661	0.49173793	0.8309876	0.5091047	0.22884631	0.05152935	0.041375156	0.16817954	0.19589207	0.010212452	3.0	10.0	
LILRB4_9000	292594	lilrb4	0.010646687697160883	0.23508375938213857	1.2288092	1.2288092	-1.0297898	1.2095746	1.1681195	1.0670371	1.2221584	1.1940606	1.0950876	1.1001984	1.2288092	0.76017743	0.06013312	0.17322476	0.35535207	0.033265065	0.022547614	0.30962658	0.204546	0.022625964			
LOC100360856_32354	108351885	spetex2el3	0.018253968253968255	0.2944046748007673	1.568281	1.568281	1.01788	1.1360837	-1.3301162	1.1022042	1.2250375	1.1266901	1.1731534	1.568281	1.4135007	0.84929514	0.26306537	0.10521936	0.54199374	0.55088574	0.4782021	0.3039184	0.0014075233	0.0022050277			
LOC100909675_9046	100909675	loc100909675	0.031426269137792104	0.3667086875090045	1.1532807	1.1532807	1.0281972	1.0557132	1.0030853	1.0652001	1.1196791	1.0211623	1.0492685	1.0731031	1.1532807	0.52970785	0.22935209	0.9405959	0.15567027	0.320963	0.6920572	0.44810903	0.23136143	0.017755684			
LOC100910229_32519	54262	kcnn2	0.025702331141661684	0.33184295868832636	1.430971	1.430971	-1.0125754	-1.3877817	-1.2147284	-1.0680252	1.1715648	-1.3479519	-1.2543688	1.0706943	1.430971	0.95915574	0.19602999	0.47978282	0.71223265	0.49869722	0.3276351	0.19113584	0.70754826	0.035710167			
LOC100910978_33295	100361383	ecm2	6.035003017501509E-4	0.08917877535861846	1.2970164	1.2970164	1.10913	1.2388589	1.2468841	1.1438859	-1.1628174	1.0596861	-1.0075829	1.0192554	1.2970164	0.2009901	0.019505905	0.00493633	0.19390358	0.113090076	0.44290036	0.89532745	0.83711326	6.5690384E-4			
LOC102553917_33088	102548633;102551714	znf431l;zfp120l2	0.023597065238945072	0.32982164564003597	1.0542836	1.0542836	1.0300351	1.0245125	1.0155758	1.012781	1.0182236	1.0053278	1.0061214	1.0133756	1.0542836	0.19061746	0.2175022	0.40165904	0.5457874	0.29536256	0.8246844	0.88873154	0.4788851	0.041021045			
LOXL1_9149	315714	loxl1	0.010230692076228686	0.23508375938213857	-1.1026167	1.1026167	1.0506039	-1.0039493	1.0131742	1.0219615	1.0173687	-1.0737299	1.0203221	-1.010298	-1.1026167	0.3094568	0.9169277	0.7690624	0.46586272	0.6378172	0.09724661	0.7004603	0.8332912	0.015709734			
LOXL2_9150	290350	loxl2	0.04024266936299292	0.37692679107650223	-1.4230958	1.4230958	1.0177974	1.0017134	1.0582894	-1.1649829	-1.021131	-1.3976899	-1.1636958	-1.217434	-1.4230958	0.87617975	0.9827827	0.666425	0.08199219	0.9006941	0.070472635	0.19546507	0.37936762	0.0040694913			
LPAR2_9151	498609	lpar2	0.047910094637223975	0.41087183838440744	-1.5060301	1.5060301	1.3614231	1.0363693	-1.2381094	-1.5060301	1.1471334	-1.0998342	-1.2941307	1.4049377	1.4539357	0.07422787	0.85185236	0.34989408	0.14531356	0.6264173	0.63612986	0.33549014	0.0140956845	0.03427363			
LPGAT1_9154	679692	lpgat1	0.03436563436563437	0.3709090909090909	1.1822549	1.1822549	1.133505	1.1256378	1.061948	1.1091335	1.1822549	1.1237098	1.0894667	1.1485692	1.1331108	0.12697782	0.04988526	0.13944136	0.0121281305	0.0268714	0.03471081	0.17250799	0.013567021	0.11918032			
LSM3_33166	297455	lsm3	0.018083182640144666	0.2944046748007673	-1.0335412	1.0335412	1.0237867	-1.0064665	1.0051268	1.0040579	1.0082911	1.0208216	1.0108856	-1.0211279	-1.0335412	0.1672883	0.6209461	0.7656378	0.77565765	0.5858084	0.28247073	0.5882809	0.31987846	0.0072527584			
LSR_9162	64355	lsr	0.033001366920523335	0.3709090909090909	1.3611935	1.3611935	1.2209996	1.2431773	1.1173161	1.2616354	1.1200967	-1.0345939	1.2119094	1.3611935	1.3195503	0.2149238	0.1318103	0.47076496	0.12948623	0.44714236	0.8694732	0.3745461	0.042679306	0.10434932			
LTBP1_33264	59107	ltbp1	0.021412847708625175	0.31886884068425553	-1.1153765	1.1153765	1.0823575	1.0217222	1.0267869	1.0455617	1.0037802	-1.0250163	1.0384511	1.003639	-1.1153765	0.22241092	0.59294033	0.66694236	0.3199333	0.940799	0.5764974	0.53169626	0.9608715	0.03291452			
MAP1LC3A_33215	362245	map1lc3a	0.03812375249500998	0.3709090909090909	1.1369077	1.1369077	1.0502603	1.0376834	1.0317503	1.0568182	-1.0029769	1.0372406	1.0833591	1.067725	1.1369077	0.32906646	0.4511034	0.65299875	0.33774543	0.9535289	0.6569128	0.18825944	0.23533182	0.11291731			
MCM10_32579	307126	mcm10	0.013913734843967402	0.26463648153724134	-1.2238107	1.2238107	1.0658823	1.0034032	-1.0254855	1.0000585	-1.0785713	-1.183468	-1.019897	-1.0782917	-1.2238107	0.2439419	0.9559282	0.78285617	0.9992279	0.39964887	0.17195196	0.8546668	0.027241692	0.0030492535			
MCM4_9208	29728	mcm4	0.006178991429140921	0.19854304194172168	-1.0769334	1.0769334	1.0618806	-1.0077672	1.019803	1.0212073	-1.0089827	-1.0068436	1.0433873	-1.0261378	-1.0769334	0.030794317	0.7462506	0.69607157	0.4747012	0.7433559	0.82038885	0.3118431	0.4063696	0.0043850527			
MCM6_9210	29685	mcm6	0.02313060817547358	0.32982164564003597	-1.1036397	1.1036397	1.097647	-1.025052	1.0170125	1.0196633	-1.0098295	-1.0505459	1.0279429	-1.1036397	-1.0985317	0.014437029	0.5600793	0.7981857	0.6283295	0.7812268	0.48851433	0.5761318	0.0967135	0.16427222			
METRN_9221	287151	metrn	0.02946518668012109	0.3559913434749221	-2.282992	2.282992	1.2531909	1.3087562	1.1966523	1.3627499	1.3084161	1.0221149	-2.282992	1.0686693	-1.0060853	0.06760404	0.008299889	0.29277742	0.013256061	0.011544178	0.8232484	0.021566773	0.71526957	0.9710382	10.0	30.0	
MFAP4_32762	287382	mfap4	0.04034351907329738	0.37692679107650223	-1.1256512	1.1256512	1.0506456	-1.0184327	1.0398388	1.048007	1.0320762	-1.0958277	-1.0049812	-1.0417553	-1.1256512	0.50800544	0.71115017	0.46359897	0.30982032	0.47137633	0.13339037	0.9455261	0.612636	0.0627123			
MFAP5_32434	362429	mfap5	0.01854464825639992	0.2944046748007673	1.8402714	1.8402714	-1.2038983	-1.1185691	1.0498762	1.0664908	1.4643891	1.1273499	1.3758799	1.5033978	1.8402714	0.51140165	0.6311578	0.86352956	0.8402103	0.43532473	0.7049099	0.28378183	0.032050643	0.005865863			
MGC109340_32287	100360464;317409	arxes2;arxes1	0.048422306013097834	0.4122634069400631	1.6648846	1.6648846	1.086879	1.1732366	-1.0319215	1.2805429	1.3023019	-1.0192615	1.0746423	1.4842715	1.6648846	0.6588767	0.45042586	0.922545	0.2463978	0.55387634	0.94699526	0.75822765	0.016293332	0.01722854			
MGC112830_9226	361178	tfdp1	0.02853207398661944	0.35202536700772435	-1.0729258	1.0729258	1.0494921	1.0124567	1.0255928	1.0420579	-1.005305	-1.0246184	1.0228149	-1.0158913	-1.0729258	0.23583864	0.7176052	0.3504426	0.15608804	0.8523663	0.51166165	0.61663365	0.691034	0.08291126			
MKI67_9232	291234	mki67	0.022261975750347843	0.32645233142303975	-1.1062295	1.1062295	1.0595032	-1.0009769	-1.0146642	1.0269852	-1.0253549	1.0154984	1.0083578	-1.0563679	-1.1062295	0.18240745	0.98419005	0.8145533	0.6558119	0.57792574	0.7699026	0.89204884	0.28387466	0.0729076			
MLF1_32449	310483	mlf1	0.03475728155339806	0.3709090909090909	1.2616166	1.2616166	1.1120133	1.1514745	1.2080477	1.1427195	1.1507236	1.212769	1.2448575	1.0743546	1.2616166	0.44065768	0.29716942	0.16556655	0.3388859	0.4141074	0.18034588	0.26890317	0.6052156	0.09186318			
MMP1_9237	300339;300338	mmp1;mmp1b	0.0017971246006389776	0.17327119663259172	2.1205964	2.1205964	1.3026347	-1.0367224	-1.0284612	1.0890964	1.2950654	1.2934666	1.1357355	2.054486	2.1205964	0.31076658	0.9209381	0.94497967	0.73039424	0.5362159	0.2656939	0.790297	8.053909E-4	6.564007E-4	30.0	100.0	
MYL2_32406	363925	myl2	2.0165355918531962E-4	0.03580081255358008	-1.3535244	1.3535244	1.0482751	1.0414337	1.0222312	1.0162815	1.037337	1.0539035	1.0415095	1.0379162	-1.3535244	0.08937062	0.047294702	0.35951552	0.5460832	0.16235983	0.018225575	0.07140853	0.15748905	0.009220805			
MYLK_9277	288057	mylk	0.02573899054896441	0.33184295868832636	-1.124145	1.124145	1.0762931	-1.0132627	-1.0034481	1.0351197	1.056395	-1.0865246	1.0047919	-1.0245935	-1.124145	0.28078592	0.83311445	0.9576456	0.41882378	0.3242846	0.1598022	0.94888234	0.73459977	0.023209753			
MYLPF_32295	24584	myl11	0.012630312750601443	0.24806495793386812	-1.183094	1.183094	1.1259865	1.0769365	-1.0120307	1.0805347	1.042864	-1.0002301	-1.0822247	-1.1244586	-1.183094	0.13208888	0.35035756	0.8590346	0.33291614	0.5820594	0.9983925	0.30138928	0.18661709	0.18799151			
NDUFB8_33155	293991	ndufb8	0.024365686669351592	0.32982164564003597	-1.0592068	1.0592068	1.010032	1.0162675	-1.015812	-1.002388	-1.0077105	-1.046158	-1.0274916	-1.0318489	-1.0592068	0.696445	0.5841424	0.50478876	0.89512134	0.6760888	0.045228794	0.5530016	0.27621305	0.05610205			
NET1_9297	307098	net1	0.04593569003395247	0.3989828251897218	1.0954086	1.0954086	1.0954086	1.0112065	1.0313677	1.0298431	-1.000889	-1.0022188	1.066512	-1.0388159	-1.0504835	0.02947209	0.7578914	0.5130998	0.5605233	0.9788898	0.9717457	0.10929492	0.31587923	0.17601044			
NR2F2_32621	113984	nr2f2	0.004604604604604604	0.18771615731191915	-1.2490348	1.2490348	1.0802584	-1.1260719	1.0053537	1.0021354	1.0377927	-1.1359036	-1.0021279	-1.0237803	-1.2490348	0.3201408	0.16059315	0.93237644	0.96871096	0.5895601	0.21601826	0.9778796	0.8241374	0.005339801			
NRAS_9363	24605	nras	0.035813768404297654	0.3709090909090909	1.1022533	1.1022533	1.1022533	1.0885186	-1.0222962	1.0167803	1.0867369	1.0449728	1.0467855	1.0635916	1.0928041	0.040318333	0.01082659	0.5554991	0.7154615	0.06385306	0.14212008	0.35613486	0.084414065	0.11502528			
NRP1_9366	246331	nrp1	0.005528255528255528	0.18771615731191915	-1.2028913	1.2028913	1.0390995	-1.012595	1.03353	-1.0161928	1.0409428	1.0030652	-1.0693457	-1.0251665	-1.2028913	0.6254315	0.8437035	0.63310856	0.8036696	0.5631805	0.96473867	0.29191706	0.7083722	0.030039568			
NUF2_33136	304951	nuf2	0.004150197628458498	0.18771615731191915	-1.1146923	1.1146923	1.0194677	-1.0076605	-1.0153271	1.0346457	-1.0298362	-1.0270399	1.0044731	-1.0815504	-1.1146923	0.5132832	0.8266093	0.7124556	0.4147865	0.3412649	0.4506035	0.94235885	0.03802451	0.01677082			
NUP85_9382	287830	nup85	0.002620967741935484	0.17577490563879675	-1.1265464	1.1265464	1.0219305	-1.0206298	1.0208321	1.0107603	1.0412912	-1.007913	-1.0165962	-1.0227687	-1.1265464	0.5689453	0.566583	0.6116735	0.78078574	0.23386434	0.81577945	0.6672373	0.6748266	0.020639686			
NUSAP1_9385	311336	nusap1	0.024771573604060914	0.32982164564003597	1.223875	1.223875	1.223875	1.0386778	-1.0345244	-1.166733	1.1118639	-1.1355978	1.0729644	1.0130261	-1.2128924	0.007658352	0.6060936	0.79957825	0.35090834	0.21512291	0.38732043	0.3946049	0.8511555	0.08509118			
OBP3_33099	259247;108348231;362527	obp3;mup4-ps1;mup4	0.04129793510324484	0.38141025641025644	-2.6646137	2.6646137	-1.0419483	-1.6015902	-1.222937	-1.0860724	-1.8020089	-1.7102875	-2.3746734	-1.370821	-2.6646137	0.85336673	0.161053	0.58894277	0.79254305	0.11293004	0.16080505	0.13528459	0.34126353	0.0058118207	100.0	300.0	
ORC6_9399	291927	orc6	0.012477718360071301	0.24806495793386812	-1.2690287	1.2690287	1.1968338	-1.0048791	1.0662664	1.2153369	1.0673467	1.1133603	1.154789	-1.1168927	-1.2690287	0.067822546	0.97476304	0.6516342	0.13569528	0.47465143	0.28229502	0.2491645	0.31904835	0.10555517			
PARP9_9429	303905	parp9	0.0380326563122262	0.3709090909090909	1.2751442	1.2751442	1.0834845	1.1893836	-1.0035149	1.0847316	1.1809498	1.1563741	1.039169	1.2751442	1.1558971	0.35000572	0.07251123	0.9570688	0.3240141	0.25850114	0.07985375	0.6154978	0.0025768122	0.15817598			
PBK_32309	290326	pbk	0.040223018717642375	0.37692679107650223	-1.1956394	1.1956394	1.0817548	1.0364126	1.0319145	1.0558845	1.0264297	-1.1393999	1.0966681	-1.0513815	-1.1956394	0.1743879	0.39592525	0.6549337	0.29254827	0.65382653	0.38967723	0.19793332	0.50043297	0.17121898			
PCCB_9437	24624	pccb	0.0323943661971831	0.3709090909090909	1.2362572	1.2362572	-1.0756713	-1.1018813	1.0018035	1.2143817	1.2277932	-1.0783807	1.0539913	-1.0708495	1.2362572	0.49267063	0.47933257	0.9804456	0.11043788	0.16540977	0.3903954	0.60002816	0.6929949	0.013629004			
PCNA_9442	25737	pcna	0.012343221182560224	0.24806495793386812	-1.0449183	1.0449183	1.0342975	-1.0069033	1.0060699	1.0178477	-1.0171824	-1.0088464	1.0139384	-1.0449183	-1.0332278	0.045442846	0.6915587	0.8218832	0.3329275	0.33677638	0.6329234	0.6393281	0.052615345	0.08804497			
PDE1B_32328	29691	pde1b	0.04925137903861308	0.41679250719460675	1.4462547	1.4462547	1.234237	1.0189111	-1.0561559	1.1998509	-1.004999	1.0955687	1.1408188	1.4462547	1.2936956	0.10179919	0.88087827	0.80895096	0.20614478	0.9807069	0.47917643	0.61057186	0.0091740955	0.06560254			
PGR_32824	25154	pgr	0.03823058446757406	0.3709090909090909	2.2009804	2.2009804	1.1212697	-1.1182551	-1.2125043	1.4314661	1.8011818	1.3916634	-1.1355793	1.4680561	2.2009804	0.7699616	0.8400785	0.68876636	0.3500868	0.3705013	0.39504692	0.8158441	0.39489883	0.04136984	100.0	300.0	
PIR_9487	363465	pir	0.007995202878273036	0.21573671674223274	-1.2414492	1.2414492	1.0394872	-1.087074	-1.0541462	-1.046772	-1.0439163	-1.0740496	1.0452906	1.0115185	-1.2414492	0.63967294	0.2150732	0.5693954	0.46571586	0.45738146	0.4418089	0.42952424	0.8901999	0.020847898			
PLK4_9505	310344	plk4	0.040309769658459095	0.37692679107650223	-1.0625498	1.0625498	1.0517607	1.0005269	1.00483	1.015088	-1.0357857	-1.012216	1.0063403	-1.0443964	-1.0625498	0.09139979	0.9837594	0.9074609	0.6877819	0.20398477	0.7690426	0.87907606	0.17513895	0.07808429			
PLOD2_9506	300901	plod2	0.018363273453093812	0.2944046748007673	-1.4315552	1.4315552	1.387956	1.065483	1.0211611	1.3259807	-1.0112469	1.113471	1.2077695	1.0273899	-1.4315552	0.018547283	0.6914253	0.88777363	0.08977792	0.95647603	0.48780546	0.11515907	0.8169599	0.24943376			
POLR2K_9525	100361574	polr2k	0.003841488071168621	0.18771615731191915	-1.2261732	1.2261732	-1.0711977	-1.0056005	-1.0340496	1.0085818	1.0417781	-1.0541029	1.0313452	1.0049299	-1.2261732	0.24638711	0.92965156	0.5783345	0.8744021	0.41598928	0.33179516	0.5957445	0.9313029	0.025139937			
PPIC_9541	291463	ppic	0.04035964035964036	0.37692679107650223	-1.1438478	1.1438478	1.0254443	1.0047358	1.0075911	1.015588	1.0063586	-1.0665858	-1.0277998	-1.0016273	-1.1438478	0.56149316	0.93902045	0.8115016	0.75609314	0.8864201	0.25014448	0.54871994	0.9836267	0.12284712			
PTGDR_33049	498475	ptgdrl1	0.016976233273417216	0.2937958929570673	1.8524354	1.8524354	1.1716825	1.1994888	-1.4402802	1.2636405	1.4001627	1.1873089	1.1419086	1.3926747	1.8524354	0.5288734	0.48866382	0.28313038	0.40596852	0.46015435	0.6206975	0.71214396	0.21373124	0.015981095			
RAD21_33184	314949	rad21	0.014478182183792479	0.26686733040055566	-1.0387938	1.0387938	1.0371634	1.0183376	1.0114263	1.0203611	1.0032914	-1.0073655	-1.0045242	-1.0213822	-1.0387938	0.095222816	0.25793615	0.6379293	0.16964658	0.8158364	0.75644773	0.80026954	0.41036603	0.036962703			
RAN_9657	84509	ran	0.005838534326555265	0.193376283470908	-1.0439974	1.0439974	1.0129195	1.002723	-1.0004667	1.0033305	-1.0023088	-1.011965	-1.021476	-1.0223675	-1.0439974	0.30590215	0.8798734	0.97792476	0.7908614	0.8781803	0.30442718	0.27716288	0.33773914	0.00737651			
RBL1_9664	680111	rbl1	0.007974481658692184	0.21573671674223274	-1.1056001	1.1056001	1.0524613	-1.0079855	-1.0116878	1.0269369	-1.0229663	1.002745	-1.0382484	-1.0740032	-1.1056001	0.102937594	0.8213455	0.7959497	0.42710173	0.4229445	0.93628824	0.36243126	0.25781086	0.00961671			
RBP1_9669	25056	rbp1	0.005569922418937737	0.18771615731191915	-1.1116027	1.1116027	1.0347059	-1.021482	1.0057764	-1.0093385	-1.0022377	-1.047207	-1.013366	-1.0388222	-1.1116027	0.37693033	0.5671749	0.8714684	0.85554826	0.9437225	0.16616058	0.7763448	0.46761933	0.009679703			
RGD1309995_9688	314690	washc4	0.01627813504823151	0.2864036363636364	1.145828	1.145828	1.0967475	1.1278908	1.145828	1.0378225	1.1451175	-1.0206442	-1.0121773	1.0960859	-1.1128356	0.16575782	0.05798139	0.051697142	0.49350554	0.0765956	0.830796	0.91476774	0.16341679	0.14127378			
RHEB_9704	26954	rheb	0.014586709886547812	0.26686733040055566	1.0736233	1.0736233	1.0461358	1.0736233	1.0385624	1.0633558	1.0713772	1.0252831	1.0388967	1.0111814	-1.0672816	0.22634678	0.050243855	0.27647263	0.064787544	0.15736869	0.48161742	0.40921706	0.8546201	0.12330124			
RPA2_9722	59102	rpa2	0.005415162454873646	0.18771615731191915	-1.1019778	1.1019778	1.0830235	-1.0234545	1.0321232	-1.008425	-1.0060005	-1.0611871	1.0254756	-1.023762	-1.1019778	0.048723087	0.63657683	0.44010794	0.791172	0.8654038	0.1961747	0.59500057	0.5993125	0.0762152			
RRM1_32657	685579	rrm1	0.008186900958466454	0.21573671674223274	-1.0584842	1.0584842	1.0340917	-1.0047368	1.00315	1.0241209	-1.0165222	-1.0120044	-1.0007285	-1.0584842	-1.0549642	0.03147647	0.829135	0.92245334	0.2467458	0.3072895	0.5917806	0.98532295	0.014961026	0.01805303			
RT1-N2_32930	360323	rt1-n2	0.03443386672068058	0.3709090909090909	-1.1903254	1.1903254	1.0210826	-1.0307524	-1.0435954	-1.0795448	1.0281996	-1.0974454	-1.075236	-1.0196545	-1.1903254	0.6970452	0.66687185	0.52009726	0.27646148	0.66130096	0.2912187	0.2247329	0.79125166	0.06251381			
RTP4_9766	360733	rtp4	0.024691358024691357	0.32982164564003597	1.664148	1.664148	1.3003516	1.433388	1.095053	1.1532166	1.3797286	-1.0237641	1.0426972	1.3761958	1.664148	0.11485889	0.095614225	0.56490123	0.66585195	0.41433883	0.91968566	0.8551007	0.0369429	0.0028072924			
S100A9_9775	94195	s100a9	0.014167650531286895	0.26682408500590316	1.1226099	1.1226099	1.0094064	1.0413828	1.0976734	1.0218133	1.020812	1.0368595	1.1226099	1.0390139	1.099603	0.6809129	0.13267405	0.055148672	0.51198816	0.5604952	0.22213328	0.008108033	0.16671336	0.12530804			
SDC2_9793	25615	sdc2	0.021598708114654825	0.31916244837116864	-1.1303791	1.1303791	1.0962747	-1.0238725	1.0085886	-1.0105476	1.0629112	-1.0392087	1.013892	-1.0425351	-1.1303791	0.17995845	0.6250186	0.8897415	0.8296614	0.38383526	0.4987656	0.88519865	0.6107057	0.051296648			
SERPINE2_32301	29366	serpine2	0.01627159501807955	0.2864036363636364	-1.2235118	1.2235118	1.1663328	1.0373242	1.031294	1.0216248	-1.0262588	-1.1924493	1.0792687	-1.0502094	-1.2235118	0.06571322	0.55384636	0.48526597	0.6920739	0.8051755	0.24350649	0.5108718	0.6453928	0.0047620083			
SERPINH1_9815	29345	serpinh1	0.02327464076097956	0.32982164564003597	-1.1410549	1.1410549	1.0147755	-1.0050871	1.0351746	1.0239936	-1.0428405	-1.1410549	-1.0939338	-1.0242516	-1.1286135	0.768267	0.9148549	0.49837872	0.63485944	0.4102467	0.07514007	0.1903247	0.7136885	0.030198276			
SGOL1_33030	363174	sgo1	0.03341953451362642	0.3709090909090909	-1.4347477	1.4347477	1.0534868	-1.1862918	-1.059185	1.0449024	-1.0106719	-1.1258417	-1.0879083	-1.1983997	-1.4347477	0.73658794	0.31838983	0.7454606	0.6953923	0.94267017	0.4218712	0.5212813	0.1787714	0.094127454			
SIRT3_9828	293615	sirt3	0.034695912263210366	0.3709090909090909	-1.2187802	1.2187802	-1.139542	-1.0386028	-1.1284811	-1.0311406	-1.0114918	-1.2187802	1.0059024	-1.2003654	-1.2164747	0.1992356	0.55177313	0.13804589	0.7668044	0.89213985	0.020060448	0.9042391	0.056850273	0.013580648			
SKIV2L_9830	294260	skic2	0.03576423576423576	0.3709090909090909	1.6567413	1.6567413	1.5715842	1.6142399	1.1391826	-1.3274794	1.6567413	1.4294045	1.3814458	1.48925	1.5694098	0.059536565	0.010729642	0.67100704	0.36298525	0.021899117	0.1205515	0.13692762	0.035014786	0.039214894			
SLC1A3_32817	29483	slc1a3	0.03386493404213428	0.3709090909090909	1.2460964	1.2460964	1.0450345	1.1591437	1.0178224	1.098437	1.1161329	1.1409895	-1.0133339	1.1631882	1.2460964	0.7171339	0.045515105	0.8424332	0.16532905	0.30771655	0.1727935	0.9375312	0.008141476	0.03649701			
SLC2A3_32965	25551	slc2a3	0.012414897877452943	0.24806495793386812	1.1584258	1.1584258	1.1061242	1.1122156	1.0254664	1.0826447	1.0123808	1.0516759	1.106604	1.0138379	1.1584258	0.0917998	0.07285129	0.7032572	0.17276216	0.8874567	0.47157758	0.28878215	0.84036785	0.020620296			
SMC2_9898	362519	smc2	0.004809619238476954	0.18771615731191915	-1.0905335	1.0905335	1.0522622	1.0248687	1.0289607	1.0298182	1.0053364	1.0066589	-1.0064291	-1.0412694	-1.0905335	0.14730734	0.45349097	0.47648588	0.41724566	0.8703056	0.87884855	0.8718733	0.2814142	0.03351764			
SNCA_9908	29219	snca	0.031237564663748506	0.3667086875090045	-1.13362	1.13362	-1.0594283	-1.1135294	-1.0104637	-1.0301441	-1.13362	-1.0538983	-1.0232878	-1.1285306	-1.1011671	0.17531343	0.019183004	0.7950061	0.3395199	0.020038808	0.3936314	0.6673373	0.01239807	0.12544489			
SPC24_9924	363028	spc24	0.023340040241448694	0.32982164564003597	1.1041963	1.1041963	1.0895174	1.009042	1.0541537	1.1041963	1.0142393	1.0173484	1.0917999	1.0195718	-1.075185	0.061044183	0.85015655	0.35444066	0.028196301	0.7162643	0.68018425	0.2355874	0.67745084	0.25161654			
SPR_9930	297402;29270	spr-ps1;spr	0.0048484848484848485	0.18771615731191915	-1.225641	1.225641	1.0889107	-1.0732712	1.0120077	1.0444053	-1.0399033	1.0003177	1.0956464	-1.0443903	-1.225641	0.129741	0.3041589	0.87106156	0.5441561	0.69223917	0.99604565	0.13043135	0.6635618	0.007835914			
SQRDL_9936	691966	sqor	0.019800039207998433	0.297155275926289	1.0813191	1.0813191	1.0274205	1.0670414	1.0417124	-1.0084534	1.0632482	1.0733706	1.0523255	1.0724511	1.0813191	0.48251596	0.004459583	0.20437565	0.7339729	0.050199583	0.05047387	0.06196283	0.0029632074	0.13487233			
SRC_9938	83805	src	0.001798920647611433	0.17327119663259172	1.5697335	1.5697335	1.2605648	1.5577956	1.2643187	1.3109616	1.3585187	1.31558	1.1178281	1.4645633	1.5697335	0.18909097	0.0020164503	0.15858562	0.037712473	0.07741875	0.03323298	0.5327716	0.018334856	0.020004444			
SRFBP1_9940	291469	srfbp1	0.0164	0.2864036363636364	1.1135812	1.1135812	1.0250062	1.0273862	1.0331526	1.102689	1.0515585	1.0082973	1.012813	1.0137409	1.1135812	0.6211234	0.569969	0.5346826	0.08819286	0.3566275	0.87935185	0.85619813	0.82950467	0.044982366			
ST6GAL1_9950	25197	st6gal1	0.04983922829581994	0.41723089103222627	1.0686194	1.0686194	1.0686194	1.031056	1.0216944	-1.0078682	1.0242382	-1.0134337	-1.0077658	1.015438	-1.047808	0.13635696	0.2952538	0.52814496	0.7815564	0.3964487	0.729087	0.8541011	0.7030064	0.2145368			
STAC3_9953	362895	stac3	0.012845849802371542	0.24806495793386812	-3.9849963	3.9849963	-1.0152853	-1.5399338	-1.2422612	-1.2383827	-1.6274995	-1.3858422	-1.3485866	-1.6669064	-3.9849963	0.9538984	0.26539624	0.5201734	0.608499	0.14528577	0.31541663	0.519135	0.2689605	0.017565917	100.0	300.0	
STAR_32299	25557	star	1.9758940920766647E-4	0.03580081255358008	1.3157148	1.3157148	1.045316	1.1064175	1.0605441	1.0531687	1.06538	-1.0988225	1.0675886	1.0461944	1.3157148	0.64940614	0.11233594	0.3371268	0.43683693	0.54833525	0.21611218	0.52891296	0.6783356	8.4028364E-4			
SULT1C2_33309	171072;316153	sult1c2;sult1c2a	0.024824824824824825	0.32982164564003597	1.4802564	1.4802564	-1.0875963	1.1748427	-1.1020513	1.1712353	1.1686414	1.0092466	1.1381359	1.4802564	1.4453298	0.734229	0.31805992	0.47671705	0.29508725	0.61438066	0.9369372	0.56921685	0.009966862	0.0034975437			
SULT2A2_33196	361510	sult2a2	0.002390914524805738	0.17577490563879675	2.9791715	2.9791715	-1.355751	1.9752645	-2.3655343	1.5038995	1.8720413	1.2521412	1.9056313	2.9791715	2.7598236	0.612889	0.1327345	0.2561633	0.44272625	0.38483116	0.65294266	0.08684611	0.0024358355	0.0035222461	30.0	100.0	
TAGLN_9981	25123	tagln	0.02871587462082912	0.35202536700772435	-1.0681055	1.0681055	1.0393572	-1.0032452	1.0007561	1.0190072	1.0030565	-1.0499618	-1.0033522	-1.0264858	-1.0681055	0.17172524	0.89029235	0.9790846	0.48745212	0.9022722	0.107512645	0.9462106	0.6332524	0.05241048			
TAX1BP3_32829	360564	tax1bp3	0.03663003663003663	0.3709090909090909	-1.1212319	1.1212319	1.0161937	-1.0073919	-1.0171807	1.0018872	-1.0428265	-1.0388408	-1.0849054	1.0255566	-1.1212319	0.7592825	0.86972356	0.74438643	0.96840316	0.42333236	0.47130093	0.16894525	0.6369502	0.14405654			
TCF19_9993	406195	tcf19	0.014758675708017551	0.26746618901039354	-1.3513784	1.3513784	1.0907636	-1.12358	1.0373873	-1.0067611	-1.0741419	-1.1058984	-1.095031	-1.0862889	-1.3513784	0.43345797	0.34669352	0.81684715	0.9255095	0.21528359	0.21685039	0.49225456	0.43043348	0.024878677			
TDG_33164	114521	tdg	0.010483870967741936	0.23508375938213857	-1.2403523	1.2403523	1.1288106	-1.0112396	1.0408086	-1.0624422	-1.00722	-1.0123559	1.0323449	1.0638713	-1.2403523	0.21299599	0.90393424	0.7398111	0.47646302	0.92661583	0.8730446	0.72411984	0.49711162	0.15157872			
TG_32506	24826	tg	2.0292207792207794E-4	0.03580081255358008	-1.4423016	1.4423016	-1.0389316	-1.0357156	-1.0431244	-1.076212	-1.0860089	-1.135372	-1.1333603	-1.1010603	-1.4423016	0.5750444	0.38997993	0.27257726	0.15109701	0.15343149	0.034128852	0.11934212	0.025138376	0.023618346			
TMEM176A_32932	297077	tmem176a	0.024895439155546702	0.32982164564003597	1.0943915	1.0943915	1.0568317	1.0866399	1.0354122	1.0710126	1.0805095	1.0678769	1.0707523	1.0882483	1.0943915	0.19989516	0.044196136	0.3371105	0.03053188	0.1453907	0.04114571	0.08518516	0.01632433	0.0697656			
TNNT1_33317	171409	tnnt1	1.9688915140775743E-4	0.03580081255358008	1.170814	1.170814	1.0766246	1.1078266	1.0349156	1.0710027	1.0613513	1.091906	1.130399	1.1134638	1.170814	0.023670861	0.011867795	0.2608454	0.14578909	0.24869189	0.13356952	0.051917795	0.0059835967	0.0015086901			
TOMM70A_10058	304017	tomm70	0.03802281368821293	0.3709090909090909	1.0469215	1.0469215	1.041112	1.0469215	-1.0121638	-1.0039202	1.0123943	-1.0008088	-1.0184532	-1.0026519	-1.0374823	0.1361062	0.091959804	0.64784145	0.8948854	0.6516909	0.98319995	0.6216106	0.9313511	0.22100747			
TOP2A_10059	360243	top2a	0.0035474970437524636	0.1841822113796887	-1.1871301	1.1871301	1.1045223	-1.0591718	-1.016645	1.0818384	-1.058219	-1.054352	1.0295742	-1.1005574	-1.1871301	0.026115451	0.25966424	0.8376573	0.10614049	0.328505	0.5658776	0.69314843	0.17817584	0.0012445312			
TPM2_32337	500450	tpm2	0.004422110552763819	0.18771615731191915	-1.0922382	1.0922382	1.0451676	1.0147462	1.0276511	1.0380423	-1.0018803	-1.0534432	-1.0022765	-1.0405182	-1.0922382	0.2780692	0.5906629	0.24946472	0.2537486	0.95376456	0.037021957	0.9536004	0.4906189	0.014186993			
TRAK2_10073	171086	trak2	0.00620124024804961	0.19854304194172168	-1.1799513	1.1799513	1.0583798	-1.0482044	-1.0194681	-1.0030737	-1.0223271	-1.0335513	-1.0510478	-1.0436804	-1.1799513	0.2461647	0.5309329	0.77975786	0.9612214	0.68726534	0.65802747	0.5323455	0.41284192	0.0143637415			
TRIM59_10085	365813	trim59	0.010538874527739113	0.23508375938213857	-1.0596713	1.0596713	1.0548685	1.0224133	-1.0143735	1.0055712	1.0213106	1.0440142	1.0040665	-1.0275043	-1.0596713	0.037605617	0.446568	0.6961708	0.8554535	0.39386666	0.16668996	0.85190743	0.45706198	0.04485673			
TSPAN6_10096	302313	tspan6	0.017987065481002425	0.2944046748007673	-1.4051272	1.4051272	-1.2004491	-1.0528771	-1.0481621	-1.032343	1.0228238	-1.1376983	-1.1061281	-1.0596161	-1.4051272	0.22034024	0.68857557	0.6690196	0.7976992	0.8198784	0.27097428	0.5579516	0.61878186	0.010407121			
TUBA1C_32945	64158;300218	tuba1a;tuba1c	0.004609218436873747	0.18771615731191915	1.0832379	1.0832379	1.0832379	1.0418928	-1.0072435	1.0077564	1.0420542	-1.0001509	1.0413333	1.0064489	-1.0759176	0.025233788	0.07549524	0.8258592	0.5949659	0.26730776	0.99682075	0.17327736	0.8453011	0.08661659			
TUBB5_10105	29214	tubb5	0.008683360258481421	0.2165549611592777	1.0548782	1.0548782	1.0548782	1.0056865	1.0090058	1.014847	1.0015908	-1.0250586	1.004675	-1.0121893	-1.0520486	0.024538176	0.81525064	0.75994074	0.5404378	0.9444206	0.34796727	0.8711956	0.72902095	0.06661356			
TYMS_32803	29261	tyms	0.038616251005631534	0.3709090909090909	-1.0725626	1.0725626	1.0202804	1.0033265	1.0036173	1.023398	-1.0338957	-1.0066339	1.0001051	-1.0270109	-1.0725626	0.39459118	0.9195077	0.9237049	0.5073956	0.19771405	0.81687295	0.9986172	0.35487533	0.03626013			
UBQLN2_10128	317396	ubqln2	0.03740597682455784	0.3709090909090909	1.0582054	1.0582054	1.0481389	1.0582054	1.0260768	1.0042133	1.0222604	-1.0082546	1.0088632	1.0407915	-1.0541027	0.22763191	0.23802176	0.45895696	0.9221308	0.48246533	0.8172372	0.80216867	0.3689059	0.11820959			
UGT2B7_33032	286989	ugt2b7	0.011106623586429725	0.23972835853406183	1.7107488	1.7107488	-1.0881077	1.2491162	-1.1939955	1.2680557	1.4801195	1.3230934	1.194082	1.633517	1.7107488	0.65948564	0.36489284	0.3229855	0.2579073	0.27985954	0.1333737	0.5353614	0.0027174992	0.0029456054			
UHRF1_10132	316129	uhrf1	0.04121475054229935	0.38141025641025644	-1.3306885	1.3306885	1.0634518	-1.0228016	-1.0816653	1.0413344	-1.1246176	-1.1106417	-1.0066985	-1.1960201	-1.3306885	0.3858292	0.87783664	0.6723237	0.59467506	0.19397506	0.47822675	0.95885015	0.09008953	0.0044134012			
USP6NL_10141	291309	usp6nl	2.0080321285140563E-4	0.03580081255358008	-1.3980894	1.3980894	1.1104851	1.0619135	1.1453502	1.1105986	1.0261887	-1.0944502	-1.0961683	1.036957	-1.3980894	0.18385373	0.51401436	0.040911295	0.21421877	0.7328448	0.3519074	0.17666537	0.7307739	0.012070767			
UST4R_32736	171397	ust4r	0.0031878860330743176	0.17577490563879675	2.4357564	2.4357564	-1.1403463	1.0482887	1.3036628	1.5111381	1.5503054	1.7567385	1.1765629	2.0342543	2.4357564	0.6691711	0.892783	0.3941233	0.15560436	0.4954338	0.033559527	0.5543965	0.006189145	0.0014748458	30.0	100.0	
UTP14A_10144	317579	utp14a	0.046108374384236456	0.3989828251897218	1.2387037	1.2387037	1.204672	1.2359657	1.1431915	1.0792642	1.2387037	1.1473186	-1.0184015	1.1808481	1.1473552	0.024459876	0.053000025	0.09154412	0.28573334	0.012463397	0.08939759	0.88534784	0.07601178	0.09138487			
VCAM1_32349	25361	vcam1	0.031497622820919176	0.3667086875090045	1.0748057	1.0748057	1.0345219	1.0686402	1.0180426	1.0239578	1.0389266	1.0499827	1.0225805	1.0748057	1.0688672	0.23300311	0.02195802	0.4481764	0.30882818	0.21569441	0.16551231	0.55774486	0.0068327324	0.093894444			
WIPI1_32665	303630	wipi1	0.017424394151812538	0.2944046748007673	-1.4680684	1.4680684	1.2712033	1.0109489	-1.0079888	1.0681753	-1.0313731	-1.0062453	-1.4680684	-1.4092659	-1.1767644	0.0011229466	0.9154954	0.93417245	0.37387154	0.71720695	0.9632975	0.05900232	0.23333396	0.22321557			
ZCCHC18_32845	102555659	zcchc18	0.006959634122091867	0.2043145048560211	1.7147403	1.7147403	1.171953	1.4124703	1.5206059	1.2616466	1.4307797	1.0969744	1.4316142	1.3949705	1.7147403	0.30217424	0.02979822	0.15391436	0.12544832	0.13200715	0.67277616	0.31562755	0.053195097	0.0058524376			
