Williams Trend Test
Data Source: P2_Perfluoro_3_methoxypropanoic_acid_Female_Thyroid_NoOutlier-expression1
Work Source: null
BMDExpress3 Version: BMDExpress 3.20.119 BETA
Timestamp (Start Time): 12/14/2025 07:29.58
Number of Permutations: 10000
Unadjusted P-Value Cutoff: 0.05
Multiple Testing Correction: false
Filter Out Control Genes: true
NOTEL/LOTEL Test: T-Test
NOTEL/LOTEL p-Value Threshold: 0.05
NOTEL/LOTEL Fold Change Threshold: 2.0
Total Run Time: 16 seconds

Chip: BioSpyder S1500_Rat
Provider: BioSpyder

=== Experiment Description ===
Experiment Type: in vivo
Test Article: Perfluoro-3-methoxypropanoic acid | CAS: 377-73-1 | DSSTOX: DTXSID70191136
Subject Type: in vivo
Species: rat
Strain: Sprague-Dawley
Sex: female
Organ: thyroid
Article Route: oral
Article Vehicle: feed
Administration Means: dietary
Study Duration: 28d
Platform: BioSpyder S1500+ Rat
Provider: BioSpyder
Article Type: chemical
Chip File Creation Date: 10/31/24
Log Transformation: NONE
BMDExpress3 Version: BMDExpress 3.20.119 BETA
Timestamp: 12/14/2025 07:06.33

Probe ID	Gene ID	Gene Symbol	Unadjusted P-Value	Adjusted P-Value	Max Fold Change	Max Fold Change Unsigned	FC Dose Level 1	FC Dose Level 2	FC Dose Level 3	FC Dose Level 4	FC Dose Level 5	FC Dose Level 6	FC Dose Level 7	FC Dose Level 8	FC Dose Level 9	NOTEL/LOTEL T-Test p-Value Level 1	NOTEL/LOTEL T-Test p-Value Level 2	NOTEL/LOTEL T-Test p-Value Level 3	NOTEL/LOTEL T-Test p-Value Level 4	NOTEL/LOTEL T-Test p-Value Level 5	NOTEL/LOTEL T-Test p-Value Level 6	NOTEL/LOTEL T-Test p-Value Level 7	NOTEL/LOTEL T-Test p-Value Level 8	NOTEL/LOTEL T-Test p-Value Level 9	NOTEL	LOTEL
ACAA2_7955	170465	acaa2	0.016733067729083666	0.7467403654230002	1.0606371	1.0606371	1.0113847	-1.0030005	1.0165763	1.0512083	-1.0081427	1.0163747	1.0032959	1.00787	1.0606371	0.593735	0.8841444	0.40610802	0.027582128	0.7255974	0.5472426	0.86777925	0.78436726	0.124974914			
ACADVL_7960	25363	acadvl	0.035209866719713545	0.7577163318082355	1.0747578	1.0747578	1.0704021	1.0314367	1.0487939	1.06925	1.0204285	1.0575246	1.0239066	1.0190487	1.0747578	0.07416894	0.1771544	0.06842645	0.014045664	0.33063823	0.12186356	0.37231302	0.4706982	0.14976518			
ADRB2_7997	24176	adrb2	0.011126846044911997	0.6472978303747534	-1.0992739	1.0992739	1.0789281	1.0725994	1.0421093	-1.0001007	1.0609667	1.0000817	1.0425454	-1.0184737	-1.0992739	0.011805315	0.14228813	0.23898414	0.9984172	0.084992975	0.9981462	0.27914578	0.47377494	0.24716695			
AGXT2_32707	83784	agxt2	0.004190476190476191	0.500994708994709	-2.8613324	2.8613324	-1.1882288	-1.4739745	-1.5964034	1.0836287	-1.2332586	-1.2162663	-1.2657818	-1.3511468	-2.8613324	0.48632276	0.10434274	0.063481525	0.8101617	0.41964883	0.35907593	0.3395948	0.16589941	0.08924978			
ALDH3A2_8024	65183	aldh3a2	0.04819508448540707	0.7978140139430463	1.2751724	1.2751724	1.0545862	1.0701836	1.1682309	1.1164995	1.0936836	1.2751724	1.1606745	1.1499642	1.1608504	0.65861803	0.50911534	0.11237983	0.33560413	0.34343493	0.014061933	0.10895438	0.13366342	0.1517742			
ALDOC_8034	24191	aldoc	0.003327461342728518	0.500994708994709	1.7642794	1.7642794	1.434462	1.5473385	1.4955719	1.4030486	1.3722274	1.5117036	1.1290917	1.5461586	1.7642794	0.08897881	0.0357929	0.09291301	0.12497317	0.19931494	0.08060448	0.73124015	0.038181845	0.071207374			
ANXA5_32426	25673	anxa5	0.03518481913421625	0.7577163318082355	1.0548084	1.0548084	1.018792	1.0307497	1.0312304	1.0403954	1.0146668	1.044875	1.044154	1.0297747	1.0548084	0.50614685	0.10622642	0.02477393	0.06551412	0.52941316	0.057712626	0.025567418	0.2753222	0.011609512			
ATF3_8095	25389	atf3	0.022351797862001945	0.7467403654230002	1.4773321	1.4773321	1.1474503	1.1509085	-1.0335394	1.3314486	1.4141179	1.0364505	1.0416912	1.2392246	1.4773321	0.44155192	0.3789647	0.8615666	0.06702969	0.027524898	0.913385	0.80710167	0.21853237	0.035907716			
ATP5S_8111	362749	dmac2l	0.0022199798183652874	0.4777396569122098	-1.5736655	1.5736655	-1.1917953	-1.1433823	-1.0483121	-1.0397229	-1.0904268	1.0409496	-1.1058453	1.0248029	-1.5736655	0.06962938	0.2853921	0.57243776	0.6352818	0.39909592	0.51946735	0.12415849	0.6594447	1.5751585E-4			
BAG3_8129	293524	bag3	0.023861602704314974	0.7546097773340109	1.1882126	1.1882126	1.1046773	1.0552592	-1.0080392	1.0227784	-1.0533472	-1.0664964	1.015446	1.0209572	1.1882126	0.14181386	0.47352833	0.89959836	0.7168209	0.5778394	0.42387056	0.8128815	0.7242925	0.027728712			
BCL2L11_32608	64547	bcl2l11	0.0191699604743083	0.7467403654230002	1.9164406	1.9164406	1.5470276	1.1349652	1.3293071	1.4254179	1.5690554	1.5626422	-1.0137581	1.3527017	1.9164406	0.13954729	0.7689671	0.39131662	0.28139547	0.13703175	0.23360151	0.9753918	0.3971116	0.022975063			
BNIP3_8154	84480	bnip3	0.022554890219560877	0.7467403654230002	1.1123377	1.1123377	1.0506748	1.0039175	1.0216653	1.0617862	1.0314516	1.0060947	1.0385464	1.0435971	1.1123377	0.18196432	0.91742456	0.5823043	0.1365102	0.42342275	0.8858747	0.3211212	0.2389128	0.25263512			
BPHL_8157	361239	bphl	0.03874184886843115	0.7930621185611749	1.1146871	1.1146871	-1.0792309	1.013819	-1.0238522	1.0776746	-1.0005857	1.0561806	1.0288028	1.0117315	1.1146871	0.50645787	0.7940495	0.5550831	0.08620953	0.99065065	0.36222813	0.40889913	0.79561454	0.09046723			
CBR1_8208	29224;102556347	cbr1;cbr1l2	0.03506743737957611	0.7577163318082355	1.0583338	1.0583338	-1.0145205	1.0169644	1.0375582	1.008511	1.006293	1.0480269	1.0350881	1.0246997	1.0583338	0.7555694	0.43566078	0.14429782	0.7476088	0.77705383	0.09985839	0.14621009	0.25440556	0.05636926			
CCL24_33270	288593	ccl24	0.027182866556836903	0.7577163318082355	-1.082452	1.082452	1.0722485	1.0274626	1.0354835	1.0674813	1.0537891	1.0391177	1.0241123	-1.0189152	-1.082452	0.088549644	0.39240703	0.32669255	0.13078596	0.1644354	0.31947303	0.43473503	0.6577468	0.34600842			
CCRN4L_8232	310395	noct	0.048110634982469806	0.7978140139430463	1.7093263	1.7093263	1.4586263	1.2074387	-1.4142905	1.183104	-1.0045881	1.2828087	1.2767593	1.2502711	1.7093263	0.087588415	0.43515608	0.4974457	0.61740273	0.990187	0.3038139	0.29858452	0.56837505	0.024250379			
CD33_33256	690492	cd33	0.010795681727309077	0.6472978303747534	1.1896464	1.1896464	1.0217645	1.0689951	1.0195222	1.0611112	1.0698988	1.0833622	1.0568541	1.1006896	1.1896464	0.80356896	0.27037418	0.66252655	0.36254352	0.23126589	0.17203715	0.2646313	0.072827056	0.043803766			
CDC20_8255	64515	cdc20	0.031936127744510975	0.7577163318082355	1.2757255	1.2757255	-1.029691	1.0466326	-1.0105475	-1.1255456	1.2021564	-1.0057353	1.1007445	-1.0018425	1.2757255	0.7509634	0.65841097	0.93536955	0.32603255	0.16368735	0.95893556	0.4082671	0.9888433	0.058436144			
CDT1_8276	292071	cdt1	0.0019743336623889436	0.4777396569122098	2.1076407	2.1076407	1.8094437	1.6717542	1.6758776	1.7506214	1.8147038	1.4023926	1.6039121	1.9644028	2.1076407	0.015915498	0.11252571	0.040976647	0.02389777	0.022049468	0.22365542	0.08811557	0.03308364	0.014089816	100.0	300.0	
CEBPB_32843	24253	cebpb	0.0019853087155052612	0.4777396569122098	2.7309418	2.7309418	1.9923044	1.7394122	2.3251975	2.1124094	2.6641011	2.7309418	1.9477172	2.0077853	2.5294635	0.06695198	0.2653961	0.027468525	0.04592388	0.0032422498	0.0037989838	0.07887793	0.070100866	0.0052745133	0.1	0.3	
CEBPD_8283	25695	cebpd	0.03136456211812627	0.7577163318082355	1.1237007	1.1237007	-1.0096943	-1.0297147	1.0052519	1.0467229	1.0722982	1.0953774	1.0536993	1.1237007	1.1049455	0.7746484	0.39876193	0.83208823	0.16231553	0.18388765	0.023731561	0.2165553	0.08669866	0.0027462959			
CENPF_8287	257649	cenpf	0.044382801664355064	0.7978140139430463	1.299082	1.299082	-1.0818244	1.1950642	1.1539258	1.0121368	1.1931558	1.0376786	1.1560751	1.2887558	1.299082	0.56727785	0.17816791	0.22941796	0.9169873	0.28124735	0.7313861	0.2843062	0.15763633	0.04231485			
CHEK2_8305	114212	chek2	0.0051231527093596055	0.5044174389672208	2.9326248	2.9326248	1.7970704	1.8972859	1.7988036	1.6614672	1.8970346	2.0231855	1.8673773	1.6128763	2.9326248	0.2338921	0.16329192	0.20787355	0.28437454	0.17976697	0.19140057	0.20084429	0.30247554	0.0024841542	100.0	300.0	
CHPT1_33298	362866	chpt1	0.0118521494576135	0.6472978303747534	1.0950279	1.0950279	1.0354927	1.0254052	1.07139	1.0805709	1.0648848	1.0718789	1.0216496	1.0797926	1.0950279	0.26592737	0.28348687	0.01728389	0.04721004	0.05311914	0.025771817	0.3363525	0.08544153	0.07431125			
CLEC10A_32620	64195	clec10a	0.034725010036130065	0.7577163318082355	1.0941771	1.0941771	1.0060713	-1.0151675	1.0127507	1.0152646	1.0613874	1.051971	-1.0013094	1.0286412	1.0941771	0.86762977	0.7301904	0.7080603	0.66095257	0.1763809	0.06772339	0.9663776	0.30237862	0.121232785			
CLU_32773	24854	clu	0.048164692173237524	0.7978140139430463	1.1246917	1.1246917	-1.0290221	1.0511012	1.0805423	1.0194244	-1.0117136	1.080566	1.071118	1.0501577	1.1246917	0.7561627	0.23072557	0.17262238	0.72955984	0.8636681	0.096449204	0.12865928	0.36980543	0.016893301			
CPT2_8374	25413	cpt2	0.005156683855612852	0.5044174389672208	1.2034106	1.2034106	1.0237068	1.0499572	1.0728734	1.1160201	1.094716	1.0488973	1.0725545	1.0892849	1.2034106	0.7534982	0.48330072	0.3150508	0.06861222	0.10407571	0.5010195	0.24777712	0.18806641	0.030505205			
CRAT_8375	311849	crat	0.008072266000384394	0.5983227616886182	1.0955974	1.0955974	1.029577	-1.0167878	1.0223758	1.0431443	-1.0175096	1.0329741	1.0498458	1.0124456	1.0955974	0.33679107	0.6990723	0.48412856	0.25476795	0.5936632	0.34280458	0.12835026	0.67030466	0.011090031			
CRYAB_33054	25420	cryab	0.03057375421878102	0.7577163318082355	-1.2681005	1.2681005	-1.0665414	-1.0263674	-1.0899299	-1.1602749	-1.2681005	-1.088965	1.0158749	-1.024535	1.2015997	0.53765166	0.8179062	0.44096035	0.1589413	0.033384368	0.34725794	0.88574713	0.7697737	0.2325197			
CSRP3_32915	117505	csrp3	0.004165013883379611	0.500994708994709	1.9236591	1.9236591	-1.0152631	1.0851794	-1.0199894	-1.0306667	-1.0474786	-1.1134186	1.1657451	1.2903202	1.9236591	0.9556839	0.7768702	0.9420459	0.9018703	0.8302339	0.62294734	0.5629599	0.12720017	0.019412765			
CTSD_8403	171293	ctsd	0.020420665713702265	0.7467403654230002	1.0536968	1.0536968	1.0216653	1.0197674	1.0132331	1.0253489	1.0208826	1.0397098	1.0149822	1.0197252	1.0536968	0.10637823	0.19899452	0.37926832	0.22444353	0.07554004	0.14252451	0.24006252	0.22867386	0.08179126			
CXCL12_32815	24772	cxcl12	0.01826015592942142	0.7467403654230002	-1.0799085	1.0799085	1.0007404	-1.0165048	-1.0043411	-1.0446362	1.0053673	-1.0238578	-1.0032032	1.0148027	-1.0799085	0.97451746	0.5125162	0.878805	0.115379974	0.78076	0.3781417	0.90233994	0.6271475	0.0052941097			
CYP4A2_32530	24306;298423	cyp4a2;cyp4a3	0.04396467124631992	0.7978140139430463	-1.8839618	1.8839618	-1.1740384	-1.6171781	-1.8449187	-1.2490556	-1.838117	-1.8454047	-1.5677485	-1.8318377	-1.8839618	0.50741714	0.06007015	0.025955454	0.4231235	0.032072436	0.08979564	0.07721424	0.043417517	0.22193053			
DDIT3_8449	29467	ddit3	0.008618961715774705	0.5983227616886182	1.0778406	1.0778406	-1.015505	1.0135624	-1.0030316	1.0016861	1.0073638	1.0104353	1.026018	-1.0175482	1.0778406	0.4968599	0.4985417	0.8444459	0.9317485	0.8163708	0.69015974	0.40796387	0.50619245	0.036135275			
DPYS_8494	65135	dpys	0.011356961033875073	0.6472978303747534	-2.040305	2.040305	1.0779684	-1.2252787	-1.3746667	1.0514822	1.0938739	-1.2807902	-1.5385107	-1.296191	-2.040305	0.7183087	0.28566545	0.119674	0.83025366	0.54540783	0.3160308	0.059266113	0.20994814	0.011987745	100.0	300.0	
DYNLT3_8507	363448	dynlt3	0.04068267513395515	0.7930621185611749	1.0482701	1.0482701	-1.0088961	1.0158808	1.0158708	1.017895	1.0115901	1.0185788	1.0042703	1.0056897	1.0482701	0.6800688	0.35254562	0.31905502	0.46342924	0.61078525	0.390477	0.7674389	0.78418213	0.12107559			
EAPP_8512	299043	eapp	0.03173359451518119	0.7577163318082355	1.033561	1.033561	1.0060664	1.0075629	1.0088968	1.0096785	1.0090454	1.0162339	1.0064914	1.0077778	1.033561	0.6787441	0.50150853	0.46938998	0.5646482	0.49518022	0.18020716	0.6146138	0.57997036	0.008086107			
ECD_8515	688968	ecd	0.004042037186742118	0.500994708994709	-1.1570573	1.1570573	1.0490968	-1.0213492	-1.0017993	1.0449075	-1.0074981	1.0122664	1.0636827	1.0024785	-1.1570573	0.09523167	0.51527685	0.975296	0.08752474	0.8539081	0.725312	0.15157346	0.9364815	0.0082833925			
ECH1_8516	64526	ech1	0.041191761647670466	0.7930621185611749	1.0500594	1.0500594	1.0079936	-1.0084238	1.0135053	1.0313212	-1.0006839	-1.0051101	1.0034161	1.0098191	1.0500594	0.62794316	0.6957253	0.38658628	0.09211929	0.9707811	0.80400604	0.8520575	0.71454966	0.25631985			
ECHS1_8519	140547	echs1	0.018057784911717497	0.7467403654230002	1.0537605	1.0537605	1.0216618	1.0163435	1.0343654	1.0537605	1.0215954	1.0324163	1.0287919	1.0228285	1.0437802	0.21025814	0.29951257	0.033346035	0.009520656	0.09696701	0.0979187	0.048093256	0.17834632	0.0847617			
ECI1_8520	29740	eci1	0.006802721088435374	0.5630559916274203	1.0749601	1.0749601	-1.0087337	1.0115145	1.0124524	1.0339804	-1.0061265	1.0338856	1.0051123	-1.002766	1.0749601	0.757434	0.6102695	0.5618781	0.074447654	0.804191	0.10278415	0.8560327	0.9031607	0.03413148			
ECI2_8521	291075	eci2	0.011940298507462687	0.6472978303747534	1.0685586	1.0685586	-1.003157	-1.0048593	1.0271844	1.0425048	-1.0093579	1.0230962	1.0358303	1.0134771	1.0685586	0.8911226	0.8675085	0.100818194	0.10860575	0.7146286	0.285657	0.026882395	0.6810727	0.06482038			
EIF1A_8536	317163	eif1a	0.0499378367177787	0.8151527703140711	-1.1066408	1.1066408	1.0442733	1.0461631	1.0501263	1.0454398	1.0251391	1.0782294	1.0637333	1.0417364	-1.1066408	0.41143188	0.3867967	0.3547128	0.38577864	0.6364749	0.16144766	0.2740107	0.4341158	0.3161273			
EIF2AK2_8539	54287	eif2ak2	0.013478691774033697	0.6880415008015562	1.1283486	1.1283486	-1.0043344	1.0893679	1.0179319	-1.0129216	1.0365871	1.0729659	1.0274322	1.0934919	1.1283486	0.9058152	0.14479434	0.73235935	0.70320886	0.3351668	0.076524824	0.31345874	0.054838665	0.005069446			
ERBB3_8571	29496	erbb3	0.008479475814222393	0.5983227616886182	1.6820751	1.6820751	1.2146357	1.2633902	1.5271434	1.4490385	1.477215	1.6005195	1.3206797	1.2132251	1.6820751	0.48588344	0.34653398	0.069842376	0.15702327	0.095420584	0.040563058	0.24878848	0.41231284	0.09017828			
ESM1_32480	64536	esm1	0.023128679562657694	0.7541351275581721	-1.7090333	1.7090333	-1.0870911	-1.0063916	1.1013964	-1.0387594	-1.0881578	1.0103421	-1.0588598	-1.0562146	-1.7090333	0.28515592	0.96385795	0.1452646	0.5858872	0.24742699	0.89718354	0.5222286	0.5566992	0.3088625			
ETFDH_8575	295143	etfdh	0.011137162954279016	0.6472978303747534	1.6476512	1.6476512	1.5421836	-1.0507822	1.5611062	1.3602912	1.2855535	1.2636555	1.4244776	1.4025302	1.6476512	0.03326193	0.8827286	0.05226443	0.17083867	0.20131719	0.32499108	0.07138482	0.137159	0.032110542			
F3_32469	25584	f3	0.02248995983935743	0.7467403654230002	1.0973042	1.0973042	1.0157838	1.0118864	-1.002362	1.0354187	1.006383	1.0778438	1.0064332	1.0445273	1.0973042	0.61610526	0.73241353	0.9501222	0.3107658	0.856927	0.04935291	0.8485761	0.24080864	0.002191625			
FAIM_8596	140930	faim	0.037388724035608306	0.7930621185611749	1.0612833	1.0612833	-1.0052884	1.0063579	1.0562085	1.0311927	1.0473876	1.0516406	1.0177773	1.0017431	1.0612833	0.89249516	0.77908844	0.049126104	0.18888143	0.035093606	0.016865173	0.29877016	0.95703346	0.0028891242			
FANCD2_32782	312641	fancd2	0.041456799690042616	0.7930621185611749	1.8772525	1.8772525	1.0589674	1.3268285	1.1667438	-1.3962164	-1.052666	1.608134	1.0627899	1.1743206	1.8772525	0.86630684	0.25455227	0.66882104	0.4879171	0.9142417	0.033031203	0.86375684	0.6717346	0.03297658			
FERMT3_32542	309186	fermt3	7.869368483179224E-4	0.3427624872579001	3.95574	3.95574	3.229682	2.9338377	2.8355715	-1.0230823	2.799705	1.3098121	3.5034423	3.2473538	3.95574	0.0037371763	0.00307787	0.0767453	0.9769572	0.088967785	0.6741433	0.0013332093	0.019894551	4.493219E-4	0.0	0.01	
FKBP5_8650	361810	fkbp5	0.02822011691191292	0.7577163318082355	1.1690444	1.1690444	1.0577794	1.0031279	1.017787	1.0574496	1.0632426	1.0836775	1.0559107	1.0424948	1.1690444	0.3606975	0.96006125	0.7029837	0.29532441	0.113855004	0.18238953	0.3605647	0.46594262	0.17754966			
FLNA_8651	293860	flna	0.020750988142292492	0.7467403654230002	1.1177831	1.1177831	1.0003257	1.077004	1.0801355	1.0269345	1.0526857	1.1177831	1.0655433	1.0747455	1.0654691	0.9919868	0.009629108	0.036328733	0.39235604	0.2607353	5.962641E-4	0.105273224	0.011769401	0.025153033			
FOSL1_8659	25445	fosl1	0.003768345894486315	0.500994708994709	4.4499745	4.4499745	-1.2262444	2.0719213	2.8120193	4.4499745	1.0466828	2.7377193	3.2606795	4.208113	3.453853	0.81556803	0.36710495	0.08755333	0.0027102462	0.95598817	0.09708882	0.002433878	2.2274614E-4	0.16975212	0.3	1.0	
FUCA1_33043	24375	fuca1	0.002589125672176857	0.500994708994709	1.0909917	1.0909917	1.0015887	1.0300376	1.0428311	1.0278468	1.0172707	1.0654641	1.0381521	1.04862	1.0909917	0.96366	0.20443708	0.08689649	0.27378285	0.56872547	0.040138017	0.10888288	0.105499685	0.0021977015			
GAA_8675	367562	gaa	0.005471956224350205	0.5119847736870279	1.0780311	1.0780311	-1.0429013	-1.0017092	1.0663382	-1.0006521	-1.0405338	1.0348576	1.0106637	-1.0058126	1.0780311	0.3121251	0.9371042	0.03186358	0.9783042	0.38680357	0.19855055	0.6339211	0.81633663	0.031512838			
GADD45A_8678	25112	gadd45a	0.046552395792754185	0.7978140139430463	1.0596079	1.0596079	-1.035677	1.0048485	1.0183803	1.0229089	1.0037109	1.031817	-1.0168273	1.0105424	1.0596079	0.4514782	0.7850252	0.55601645	0.29567757	0.8675463	0.4679528	0.3787161	0.35106754	0.005981296			
GLOD4_8714	363644	glod4	0.04269106155898609	0.7930621185611749	-1.6198624	1.6198624	-1.6198624	-1.0111177	1.0125185	1.0127137	-1.0132675	1.018465	1.0098667	-1.0220733	1.0181648	0.13544095	0.7158348	0.3571492	0.33834922	0.6197263	0.31810954	0.6182448	0.47537836	0.18094043			
GLUL_32832	24957	glul	8.006405124099279E-4	0.3427624872579001	1.1111376	1.1111376	1.0235724	-1.0021971	-1.0139468	1.0464168	1.030199	1.0357416	1.0106994	1.0108356	1.1111376	0.174512	0.9228891	0.6815384	0.09917737	0.09812355	0.13392358	0.52175313	0.63181156	0.015687302			
GLYAT_34103	293779	glyat	9.5565749235474E-4	0.3427624872579001	-7.805919	7.805919	-1.2272764	-1.671182	-1.7838587	-1.1796356	-1.2914941	-1.3483049	-1.582816	-1.7322229	-7.805919	0.38846338	0.064983174	0.046509538	0.708877	0.29391423	0.22276153	0.08788309	0.04721773	0.0036034337	100.0	300.0	
GMNN_8719	291137	gmnn	0.02073778664007976	0.7467403654230002	1.1069113	1.1069113	1.0145483	1.0776486	1.0742817	1.0404762	1.0648481	1.0424713	1.0898181	1.0845963	1.1069113	0.7568826	0.09396372	0.080993116	0.24642578	0.09424401	0.16284433	0.015760187	0.05641616	0.010771937			
GPX4_32827	29328	gpx4	0.029405998823760045	0.7577163318082355	1.0261838	1.0261838	1.0056725	1.0117431	1.006107	1.0193658	1.0055795	1.0261838	-1.0058678	-1.0146158	1.0257716	0.6518423	0.29606542	0.5161917	0.08576277	0.58048785	0.028251141	0.5229627	0.25432017	0.0157366			
HADH_8776	113965	hadh	0.01729498639720171	0.7467403654230002	1.1410127	1.1410127	1.1410127	-1.0222629	1.0710969	1.0976437	1.025792	1.1334609	1.0355406	1.0494924	1.1330494	0.032690316	0.70213324	0.29674315	0.10543629	0.7283801	0.037787125	0.5705128	0.3772733	0.13981213			
HAO2_8778	84029	hao2	0.004012227741688957	0.500994708994709	-1.5952692	1.5952692	-1.0723059	-1.2301605	-1.2741255	1.056777	-1.1642072	-1.1408172	-1.1297015	-1.3621824	-1.5952692	0.6197262	0.15420088	0.10778962	0.7839004	0.2728934	0.37964332	0.370409	0.06381065	0.11467558			
HMGCS2_8812	24450	hmgcs2	0.040833687792428755	0.7930621185611749	1.2790675	1.2790675	1.0740913	1.0151838	1.0690664	1.0017612	1.019715	-1.0733744	-1.0284104	1.0474001	1.2790675	0.56136304	0.7891592	0.36137792	0.9817848	0.82297397	0.41490525	0.56830615	0.6622336	0.23433961			
HSD11B2_32369	25117	hsd11b2	0.033360128617363344	0.7577163318082355	-2.9512477	2.9512477	-1.2861739	-1.4577231	-1.8171252	-1.0477347	-2.40661	-1.8169382	-1.3690114	-1.4295154	-2.9512477	0.3398263	0.2262804	0.056473717	0.83642054	0.021739783	0.1375737	0.37189788	0.33921337	0.1772081	1.0	3.0	
HSD3B_8835	360348;682974	hsd3b1;hsd3b3	6.295907660020986E-4	0.3427624872579001	1.2856547	1.2856547	1.0095185	-1.007393	-1.0030878	-1.0036663	1.0016114	1.0319108	1.012497	1.0759624	1.2856547	0.73234826	0.7563637	0.93132126	0.87834066	0.94675016	0.11724637	0.60741466	0.28091204	1.01235685E-7			
HSDL2_8837	313200	hsdl2	0.0151637687019814	0.7251651165925327	1.064027	1.064027	1.0032809	1.0243534	1.0309376	1.0358329	1.0031037	1.0260785	1.0106585	1.0156875	1.064027	0.8763577	0.17845102	0.17465527	0.15665498	0.8461966	0.13249631	0.4893278	0.422644	0.22884655			
HSPA1L_33069	24963	hspa1l	0.046218487394957986	0.7978140139430463	1.9332209	1.9332209	1.6907331	1.5829511	1.404587	-1.0845184	1.4821398	1.148362	1.4008864	1.4648277	1.9332209	0.13124943	0.14981225	0.2073199	0.86548364	0.1433674	0.6415942	0.266474	0.32996276	0.0616254			
IARS2_8858	364070	iars2	0.02781697238459988	0.7577163318082355	-1.1654127	1.1654127	-1.0717973	-1.0486963	-1.038632	-1.0785828	-1.0952125	-1.0039104	-1.0336303	-1.0426959	-1.1654127	0.1918476	0.3468068	0.4653785	0.24729261	0.2392036	0.9187006	0.43648085	0.34513944	0.04776744			
IGF2R_8879	25151	igf2r	0.0246189917936694	0.7568581477139508	1.1174381	1.1174381	1.0738168	1.0509057	1.0131199	1.0768615	1.1155944	1.1174381	1.0705475	1.0706657	1.0995673	0.06733227	0.41140747	0.7398419	0.077450395	0.004115906	0.0038641668	0.04776265	0.108924255	0.13293305			
IKBIP_32492	314730	ikbip	0.019761218608480857	0.7467403654230002	-1.1776512	1.1776512	1.0058583	-1.0098063	-1.0787481	-1.074864	-1.0952357	-1.0051271	-1.0436476	-1.0513527	-1.1776512	0.9025031	0.846945	0.12224764	0.21009576	0.1642486	0.9088325	0.33172688	0.2721192	0.2220693			
IRS1_33296	25467	irs1	0.039204097714736014	0.7930621185611749	3.0491786	3.0491786	1.1643176	2.810431	1.8615243	1.2878342	2.0356183	1.909764	1.670341	1.7790725	3.0491786	0.8208929	0.034083012	0.38902804	0.7018048	0.3429526	0.25836062	0.35453662	0.340665	0.0044063064	0.01	0.1	
ISG20_33257	293052	isg20	0.02662167229096363	0.7577163318082355	-1.2284096	1.2284096	-1.2284096	-1.0511712	1.0123053	1.0508844	1.084628	1.064628	1.0010378	1.0153332	1.1296726	0.4161202	0.43667197	0.7877742	0.3184038	0.13906552	0.25972927	0.98450696	0.69534385	0.0064080944			
IVD_8932	24513	ivd	0.029174058742361522	0.7577163318082355	1.1590127	1.1590127	1.0803927	-1.0268176	1.0081881	1.1001529	1.0702906	1.0926774	-1.0246165	-1.0183442	1.1590127	0.1406643	0.7143819	0.91036457	0.10979102	0.21290275	0.22637264	0.78622705	0.80443347	0.043960802			
KIF20A_8961	361308	kif20a	0.04274177663974788	0.7930621185611749	-4.993662	4.993662	-4.3088603	-1.1115584	-1.2462624	-4.993662	-1.207528	-1.0190408	-1.2994522	1.2687362	1.5266697	0.029850684	0.75524646	0.63542855	0.01516676	0.6872637	0.95713943	0.5024262	0.26124373	0.122067116	0.0	0.01	
KIF20B_8962	309523	kif20b	0.0252	0.7577163318082355	-1.3260577	1.3260577	1.0330275	1.0334635	-1.3001394	-1.2592943	1.042091	-1.3260577	-1.0479901	1.199463	1.2720088	0.75802964	0.8010148	0.2244257	0.10108158	0.65812266	0.085453734	0.72303313	0.23203927	0.0116278175			
LOC100911481_33186	689116	ncbp2	0.03211736716891356	0.7577163318082355	1.7469213	1.7469213	1.7469213	1.6329141	1.5477673	1.2644521	1.7334446	1.1779267	1.6657077	-1.0105311	1.7283481	0.04020383	0.07267461	0.113878675	0.5621525	0.04299902	0.71351564	0.05970406	0.9840239	0.045416065			
LOC100911946_9096	100911946	loc100911946	0.02043935052531041	0.7467403654230002	-1.2367753	1.2367753	-1.2367753	1.0329136	1.0263469	-1.0007421	1.1108736	1.0294929	1.0018321	1.1182743	1.1463469	0.31213385	0.537711	0.66856325	0.9950036	0.06314085	0.70611334	0.97174454	0.07602411	0.017888602			
LOC100912163_9101	84481	arid4b	0.00481637567730283	0.5044174389672208	1.080362	1.080362	1.0132279	1.0106957	1.0240779	1.0249223	1.0316873	1.0241113	1.0214982	1.0256705	1.080362	0.6427112	0.68497854	0.29020005	0.30575377	0.20969324	0.34944564	0.38431272	0.3684124	0.008143252			
LOC100912222_9102			0.029885961462839165	0.7577163318082355	1.9303558	1.9303558	-1.1591281	-1.0419216	1.0215825	-1.0501487	1.1279798	1.4154434	-1.3204644	-1.225481	1.9303558	0.6689564	0.91971374	0.9641478	0.8958593	0.7462702	0.1853149	0.5660641	0.55922985	0.007161413			
LOC100912608_9111	100911668	hoxa10	0.0455812101910828	0.7978140139430463	-2.6904302	2.6904302	-1.4669853	-1.7752043	-1.3337053	-1.302811	-2.067712	-2.5364761	-1.622225	-1.9955418	-2.6904302	0.07145728	0.08825618	0.4058118	0.507826	0.019536551	0.026911769	0.034911066	0.07058144	0.06524181	1.0	3.0	
LOC259245_33313	259244	mup4l4	0.0062244699474810344	0.5358023730791674	1.3292744	1.3292744	1.1556255	1.1900576	1.0936896	1.2249864	-1.0553299	1.1198694	1.0453619	1.0941517	1.3292744	0.023702793	0.01068001	0.21227264	0.0055771274	0.8105639	0.25997025	0.650579	0.1812184	0.04966286			
LOC501110_33182	501110	gsta6	0.027878058563979142	0.7577163318082355	1.0783931	1.0783931	1.0147787	-1.0197798	1.0016994	1.0021021	-1.0045037	1.0245311	-1.0022084	-1.0164995	1.0783931	0.53581196	0.6004934	0.9322707	0.93138623	0.8370486	0.38545007	0.94275093	0.45478553	0.11326433			
LOC691962_32591	287598	ska2	0.005098039215686275	0.5044174389672208	1.073024	1.073024	1.032627	1.042942	1.0218245	1.0235174	1.0367161	1.0291196	1.0303491	1.034621	1.073024	0.2319179	0.14139013	0.36106104	0.3322131	0.1539572	0.29443687	0.27455974	0.26698238	0.014658151			
MAPK9_9192	50658	mapk9	0.02155688622754491	0.7467403654230002	1.0851003	1.0851003	1.0301031	1.0198301	1.0714704	1.0268445	1.0407398	1.0851003	1.0619513	1.038935	1.0611889	0.359369	0.26902983	0.008469856	0.16827151	0.12903059	0.00438011	0.015078052	0.05620253	0.011881449			
MARC1_9196	690745	mtarc1	0.029005524861878452	0.7577163318082355	1.3012176	1.3012176	1.3012176	1.0928727	1.1102482	1.250593	1.0539277	1.1221417	1.1535116	1.0563265	1.2896626	0.0044568456	0.5143371	0.35491753	0.045476917	0.6667642	0.40694928	0.09448175	0.5919845	0.030960375			
MBNL2_9202	680445	mbnl2	0.012031558185404339	0.6472978303747534	1.0309558	1.0309558	1.0057242	1.0072984	1.0174779	1.0072393	1.017943	1.0124809	1.0008359	1.0059189	1.0309558	0.6726381	0.36821878	0.08497453	0.45705488	0.050740425	0.22619909	0.9261162	0.5833	0.0759379			
MCL1_9205	60430	mcl1	0.045234248788368334	0.7978140139430463	1.0409209	1.0409209	-1.007892	-1.0035119	1.0203186	1.0161365	1.0103862	1.0234796	-1.0030179	1.0205874	1.0409209	0.6838949	0.79744995	0.23955649	0.39918566	0.5128607	0.15866822	0.76934373	0.24913166	0.17706734			
MGST1_33167	171341	mgst1	0.019382911392405063	0.7467403654230002	1.1194143	1.1194143	1.0818516	1.052247	1.0333121	1.0956436	1.0707318	1.1194143	1.058548	1.0557531	1.0712969	0.027435672	0.11799232	0.36386245	7.650383E-4	0.008967776	2.0280435E-4	0.049176034	0.12826578	0.25913608			
MT1A_9255	24567	mt1	0.02800626713670192	0.7577163318082355	1.1505736	1.1505736	1.0435698	1.0105137	-1.0121369	1.0413731	1.0607363	1.0088029	1.0427183	1.0306872	1.1505736	0.43768978	0.8062461	0.8582874	0.6214201	0.04612459	0.80626696	0.26290834	0.5454917	0.020942746			
MYL9_9276	296313	myl9	0.038422852544759606	0.7930621185611749	1.1230469	1.1230469	-1.0972437	-1.0176268	1.004946	-1.0790145	-1.0607815	1.0196798	1.0056657	1.078364	1.1230469	0.2788685	0.7904693	0.9308491	0.19233361	0.31569937	0.75563544	0.8995815	0.17981094	0.30167356			
NADK2_32534	365699	nadk2	2.0383204239706482E-4	0.3427624872579001	21.689754	21.689754	12.1625185	10.19496	8.712198	14.1052	6.7117887	15.174324	8.461246	7.2495117	21.689754	0.031679977	0.029360617	0.10785647	0.02688599	0.070482925	0.025308294	0.03896596	0.24583328	0.01744892	0.0	0.01	
NHEJ1_9313	363251	nhej1	0.040877367896311065	0.7930621185611749	-1.1755645	1.1755645	-1.0318025	1.0157516	1.0442055	1.0036291	-1.0245776	-1.0673906	-1.055391	-1.0269647	-1.1755645	0.64754903	0.774235	0.47750947	0.9522188	0.69186825	0.4500351	0.35997033	0.6622457	0.08850624			
NOC2L_9327	313777	noc2l	0.04604372218997872	0.7978140139430463	1.1480895	1.1480895	1.0827335	1.0688523	1.1235715	1.1203692	1.1175901	1.1480895	1.1232568	1.0630516	1.0088553	0.2441041	0.21461827	0.080123015	0.050199166	0.04965096	0.019273361	0.044360675	0.284639	0.8742125			
NPEPL1_9353	311671	npepl1	9.54380606986066E-4	0.3427624872579001	3.381906	3.381906	2.62925	1.8385134	1.7595099	1.3435491	1.8076795	2.9521825	1.9880528	2.369538	3.381906	0.08498156	0.2437065	0.2536963	0.64409465	0.2518212	0.0019670986	0.18947142	0.017333003	6.286452E-4	3.0	10.0	
NQO1_33055	24314	nqo1	0.033292978208232446	0.7577163318082355	-1.2244537	1.2244537	1.1904168	1.0866293	1.0563574	1.1688247	1.1050427	1.1397909	-1.0317516	-1.0251555	-1.2244537	0.13042548	0.28849053	0.63432115	0.07911504	0.26346406	0.10026211	0.7269923	0.82024664	0.32556173			
NR4A3_32375	58853	nr4a3	0.02075508993872307	0.7467403654230002	1.7527306	1.7527306	-1.0845985	-1.5733638	1.0158229	1.3325589	1.2333775	-1.2680242	1.0597441	1.0033364	1.7527306	0.6906007	0.31560224	0.962837	0.1932995	0.5461626	0.6118557	0.82003736	0.98766255	0.0600423			
OPN3_9396	498289	opn3	0.005851375073142188	0.5246732982250829	1.858512	1.858512	1.3062786	1.1253074	1.1447774	1.3453552	1.6279455	1.4296134	1.226145	1.5478202	1.858512	0.49670064	0.72267675	0.6208346	0.21565449	0.014002228	0.10582906	0.3692331	0.07957201	0.002797626			
OSTF1_33042	259275	ostf1	0.028744622604614783	0.7577163318082355	1.027041	1.027041	-1.0080503	1.0084858	1.0105873	1.0084695	1.0159135	1.0119793	1.0020885	1.0080595	1.027041	0.61694086	0.58073187	0.33911934	0.49361548	0.15365504	0.3759558	0.86978835	0.5625936	0.024648149			
PATL1_9431	361736	patl1	0.033522727272727273	0.7577163318082355	1.23884	1.23884	-1.1182374	1.0353279	-1.050412	1.0132809	1.0818331	1.0485091	-1.0871416	-1.0876966	1.23884	0.6773724	0.6468678	0.6028672	0.86481977	0.1689129	0.37911534	0.4908078	0.22162378	0.0110303685			
PNPLA2_32913	361676	pnpla2	0.002050020500205002	0.4777396569122098	1.1942768	1.1942768	1.1289984	1.0784991	1.0801772	1.188618	1.0909532	1.1586713	1.0876013	1.0506338	1.1942768	0.01323501	0.09500618	0.14219123	8.672837E-4	0.0031133206	0.036206637	0.033791795	0.3526442	0.033916462			
PRKAG1_33315	25520	prkag1	0.03514762000401687	0.7577163318082355	1.1048402	1.1048402	1.049294	1.0403142	1.062143	1.0426174	1.0408378	1.1048402	1.0440928	1.009769	1.0828637	0.17960069	0.15055978	0.11390876	0.10156411	0.22094557	0.008783708	0.15339097	0.81378967	0.017647237			
PSME2_9604	100362709;29614	loc100362709;psme2	0.039421062654732435	0.7930621185611749	1.1475838	1.1475838	1.0245246	1.0682755	1.0634916	1.062066	1.018338	1.1304849	-1.0231148	1.0460143	1.1475838	0.7495522	0.2453373	0.3464161	0.22389771	0.7773169	0.019034112	0.71566856	0.5445447	0.058786046			
RAB4A_9643	25532	rab4a	0.013092640349137076	0.6872039519839752	1.0525244	1.0525244	-1.0294735	1.0055292	1.0230405	-1.0098779	-1.0049999	1.0354456	1.0201815	-1.0172813	1.0525244	0.2909061	0.6871891	0.22113587	0.6899407	0.81547856	0.20356034	0.18437746	0.41593236	0.036273785			
RGD1565355_33245	499985;29184	cd36l1;cd36	0.02208955223880597	0.7467403654230002	1.1520485	1.1520485	1.0210778	-1.0153961	-1.0192475	1.041578	1.0003849	-1.0175622	-1.0151216	1.0446991	1.1520485	0.73056704	0.7783371	0.8087687	0.43158153	0.99457055	0.76513827	0.7728358	0.5000086	0.033266496			
RT1-CE11_32928	414791;368153	rt1-ce11;rt1-ce7	0.024195201968423213	0.7546097773340109	1.3108647	1.3108647	-1.0124236	1.0659442	1.0725011	1.0703429	1.0921506	-1.0228965	1.063198	1.1164964	1.3108647	0.9065243	0.6458762	0.5149788	0.50839496	0.324403	0.7423636	0.5494649	0.3688186	9.6383214E-4			
SDHA_9796	157074	sdha	0.033815441026685676	0.7577163318082355	1.0468745	1.0468745	1.0252688	1.0028763	1.016154	1.0296556	1.0028782	1.0284262	1.0190874	1.0118014	1.0468745	0.11668159	0.8322024	0.3268494	0.2166417	0.840563	0.15598993	0.11254418	0.34793505	0.13384317			
SDPR_32765	316384	cavin2	0.012000786936848317	0.6472978303747534	1.0946394	1.0946394	1.0063752	1.0455091	1.0084342	1.0390419	1.0007974	1.0608647	1.0585297	1.0128188	1.0946394	0.86957926	0.29003665	0.81857294	0.2552412	0.9787552	0.035994526	0.027638657	0.6594106	0.0136190085			
SLC1A2_33059	29482	slc1a2	0.042736757624398075	0.7930621185611749	1.4819459	1.4819459	1.0680636	-1.0385206	1.1361978	-1.0077189	-1.2104127	1.2244383	1.006715	-1.2866303	1.4819459	0.5815873	0.83609027	0.47207856	0.9732962	0.52171725	0.042706206	0.94233894	0.47476622	0.0014545411			
SLC39A1_32758	361986	slc39a1	0.025797558093737693	0.7577163318082355	1.0343986	1.0343986	-1.019886	1.013428	1.0152531	1.0048231	-1.0098345	1.0173471	1.0102837	1.014654	1.0343986	0.37866858	0.47616327	0.27980646	0.7229076	0.4130657	0.30451262	0.46313864	0.33598185	0.0808317			
SLC40A1_9877	170840	slc40a1	0.019746414466846808	0.7467403654230002	-1.2506553	1.2506553	-1.0251005	-1.0003617	-1.025019	1.0094475	-1.0397242	-1.0301973	-1.0425415	1.0668806	-1.2506553	0.7830347	0.99537796	0.6716695	0.86801845	0.4542835	0.66281366	0.43703347	0.19136894	0.11328349			
SLC7A12_32838	294881	slc7a12	0.047182425978987586	0.7978140139430463	-2.6161978	2.6161978	-1.0159407	-2.0372868	-1.8666041	-1.2960508	-2.2059216	-1.1914167	-1.920306	-2.4537492	-2.6161978	0.95529187	0.08705911	0.10089928	0.6376785	0.05998856	0.5672747	0.0924972	0.055487588	0.24758433			
SLCO2B1_32680	140860	slco2b1	0.021223709369024856	0.7467403654230002	1.5706706	1.5706706	1.2881393	1.4672319	1.3865583	1.4764967	1.4128317	1.2674749	1.5195	1.3724991	1.5706706	0.2932064	0.1296229	0.162476	0.09436908	0.23529123	0.33253005	0.084973164	0.1634369	0.08631044			
SNX13_9912	362731	snx13	0.008538715311469047	0.5983227616886182	1.060415	1.060415	-1.0082755	1.0165483	1.035308	1.0044842	-1.0036769	1.0280377	1.0130216	1.0254096	1.060415	0.8222713	0.43623632	0.110314555	0.8187893	0.8812303	0.23139822	0.4958912	0.25171202	0.020138407			
SOD2_32976	24787	sod2	0.013803983435219878	0.6880415008015562	1.0391371	1.0391371	-1.0005504	-1.0005811	-1.0029173	1.0157095	-1.0018655	1.0079871	-1.0006368	1.003248	1.0391371	0.9738671	0.9710467	0.8318325	0.22882271	0.91384	0.60743695	0.9647124	0.8100175	0.067512125			
SPRR1A_33122	499660	sprr1a	0.0397783494953493	0.7930621185611749	1.9246479	1.9246479	-1.1685463	1.5855633	1.1538756	1.9246479	1.2580601	1.7010388	1.8165635	1.5961556	1.8091272	0.7155817	0.21363774	0.7309069	0.006682785	0.4363094	0.024961421	0.008702158	0.077274814	0.017297234			
SQRDL_9936	691966	sqor	0.007992202729044834	0.5983227616886182	1.0751868	1.0751868	1.0291524	1.0355718	1.0275218	1.0573112	1.0343436	1.0441282	1.0622927	1.0521249	1.0751868	0.3326648	0.22006737	0.39593711	0.07765004	0.25750896	0.15711819	0.060567543	0.09044225	0.022093052			
SRFBP1_9940	291469	srfbp1	0.010238907849829351	0.6472978303747534	1.1463387	1.1463387	-1.0000719	-1.0144861	1.0566669	-1.0124468	1.0162727	1.0853524	1.0242257	-1.0212467	1.1463387	0.9990272	0.5834949	0.18322635	0.7807494	0.6730431	0.01568387	0.71243393	0.5953472	0.06125544			
ST6GALNAC2_9951	303692	st6galnac2	0.0320500293140512	0.7577163318082355	1.0898798	1.0898798	-1.0068749	1.0359184	1.0321871	1.0259286	-1.0076423	1.019808	1.0431167	1.0188525	1.0898798	0.8979035	0.37501127	0.25050175	0.2553621	0.8236716	0.60983723	0.11899719	0.60522383	0.03960505			
TAGLN_9981	25123	tagln	0.01931415057154119	0.7467403654230002	1.0894893	1.0894893	-1.0025663	1.0161821	-1.0230088	-1.0614502	1.0019928	1.0464005	-1.0408778	1.0571566	1.0894893	0.93812966	0.68677247	0.46951723	0.22225673	0.9590859	0.18131	0.23170385	0.061538536	0.15361737			
TCEA2_9990	29575	tcea2	0.046444954128440366	0.7978140139430463	-1.1809846	1.1809846	-1.1094619	1.0108958	-1.0770272	-1.1809846	-1.0745274	1.0883416	-1.0502005	1.004241	1.1635524	0.47128665	0.9138598	0.31501523	0.27934772	0.37272164	0.2897347	0.4919851	0.9553147	0.015773762			
THRSP_33314	25357	thrsp	0.044120623355596036	0.7978140139430463	1.064867	1.064867	1.0194777	1.0097009	1.0192451	1.0446393	-1.0031914	1.0454983	1.0048488	-1.0004646	1.064867	0.41317463	0.7228776	0.42477474	0.08625172	0.8890129	0.22868869	0.8354317	0.98718417	0.0784107			
TIMM22_10019	79463	timm22	0.033346645367412144	0.7577163318082355	1.0640346	1.0640346	-1.0427957	1.0204813	1.0177199	1.036264	-1.044723	1.0479735	1.0146502	-1.0040169	1.0640346	0.31168196	0.50776887	0.5781844	0.24927531	0.28353477	0.16124752	0.6732392	0.9116226	0.118038744			
TIMP1_10022	116510	timp1	0.0038391594261466965	0.500994708994709	1.1263609	1.1263609	1.0224211	1.0380162	-1.0117278	-1.0119147	1.0294797	1.0058727	-1.0269676	1.0559413	1.1263609	0.430622	0.043372985	0.4765706	0.7404221	0.5193961	0.7460177	0.27142656	0.028787404	0.112800516			
TRAPPC6A_10076	680465	trappc6a	0.042748701558130243	0.7930621185611749	1.0615522	1.0615522	-1.0377588	1.0562023	1.044279	1.060696	1.0185713	1.0512208	1.0615522	1.0187964	1.0548137	0.2334668	0.15441439	0.07475728	0.012541462	0.30776212	0.14750572	0.022896262	0.37176588	0.124179326			
UNG_32960	304577	ung	0.026829749457486684	0.7577163318082355	1.6859505	1.6859505	1.4388633	1.5402786	1.1918377	1.5016011	1.4243333	1.6514823	1.3364319	1.0918984	1.6859505	0.14021951	0.06767703	0.5412679	0.3171075	0.17980468	0.038034838	0.23422106	0.7625665	0.026950935			
UTP14A_10144	317579	utp14a	0.04743083003952569	0.7978140139430463	-2.0063698	2.0063698	1.0173312	-1.2761914	1.1184394	-1.13776	1.0282993	1.1355292	1.2636591	1.0206121	-2.0063698	0.87218547	0.38822755	0.3581223	0.635209	0.80648255	0.29518536	0.029319316	0.9127932	0.24020441			
VDAC1_32318	83529	vdac1	0.039552536955653216	0.7930621185611749	1.0556908	1.0556908	1.0395429	-1.0138999	1.0284424	1.046745	-1.001611	1.0256267	1.0173519	1.0031085	1.0556908	0.06593615	0.5835183	0.27676138	0.10433004	0.93462825	0.2085046	0.4163123	0.9100636	0.026676856			
VGLL4_10152	297523	vgll4	0.014067763027541114	0.6880415008015562	1.1082139	1.1082139	1.026813	1.0449046	1.0697197	1.050217	1.0444863	1.0800235	1.0426387	1.0475442	1.1082139	0.5478445	0.2408261	0.06087962	0.17464907	0.37660542	0.04400652	0.35608	0.25361484	0.16339883			
ZWINT_10214	257644	zwint	0.023615950445218737	0.7546097773340109	1.0486571	1.0486571	-1.0295188	1.0128511	1.0240593	-1.0073062	1.0129883	1.0143247	1.003951	1.015771	1.0486571	0.42755318	0.5361652	0.3028378	0.7560663	0.5249531	0.64241445	0.86721736	0.558468	0.032614525			
