Williams Trend Test
Data Source: P2_Perfluoro_3_methoxypropanoic_acid_Male_Thymus_NoOutlier-expression1
Work Source: null
BMDExpress3 Version: BMDExpress 3.20.119 BETA
Timestamp (Start Time): 12/14/2025 07:33.10
Number of Permutations: 10000
Unadjusted P-Value Cutoff: 0.05
Multiple Testing Correction: false
Filter Out Control Genes: true
NOTEL/LOTEL Test: T-Test
NOTEL/LOTEL p-Value Threshold: 0.05
NOTEL/LOTEL Fold Change Threshold: 2.0
Total Run Time: 16 seconds

Chip: BioSpyder S1500_Rat
Provider: BioSpyder

=== Experiment Description ===
Experiment Type: in vivo
Test Article: Perfluoro-3-methoxypropanoic acid | CAS: 377-73-1 | DSSTOX: DTXSID70191136
Subject Type: in vivo
Species: rat
Strain: Sprague-Dawley
Sex: male
Organ: thymus
Article Route: oral
Article Vehicle: feed
Administration Means: dietary
Study Duration: 28d
Platform: BioSpyder S1500+ Rat
Provider: BioSpyder
Article Type: chemical
Chip File Creation Date: 10/31/24
Log Transformation: NONE
BMDExpress3 Version: BMDExpress 3.20.119 BETA
Timestamp: 12/14/2025 07:06.33

Probe ID	Gene ID	Gene Symbol	Unadjusted P-Value	Adjusted P-Value	Max Fold Change	Max Fold Change Unsigned	FC Dose Level 1	FC Dose Level 2	FC Dose Level 3	FC Dose Level 4	FC Dose Level 5	FC Dose Level 6	FC Dose Level 7	FC Dose Level 8	FC Dose Level 9	NOTEL/LOTEL T-Test p-Value Level 1	NOTEL/LOTEL T-Test p-Value Level 2	NOTEL/LOTEL T-Test p-Value Level 3	NOTEL/LOTEL T-Test p-Value Level 4	NOTEL/LOTEL T-Test p-Value Level 5	NOTEL/LOTEL T-Test p-Value Level 6	NOTEL/LOTEL T-Test p-Value Level 7	NOTEL/LOTEL T-Test p-Value Level 8	NOTEL/LOTEL T-Test p-Value Level 9	NOTEL	LOTEL
AARS_7935	292023	aars1	0.0047553001783237564	0.1163493330293011	1.1687119	1.1687119	1.0653251	1.100959	1.074662	1.0533321	1.0330578	1.0518732	1.0470676	1.0013839	1.1687119	0.1735505	0.27901876	0.09488727	0.3053041	0.30435285	0.21586399	0.19406497	0.9743798	0.002251223			
ACACA_32532	60581	acaca	0.04101951413779371	0.29422599178440717	1.1527491	1.1527491	1.1157455	1.1433825	1.0868239	1.1234404	1.0688223	1.0597179	1.0987463	-1.0054469	1.1527491	0.024194555	0.23674367	0.059633747	0.13114971	0.16747533	0.23600234	0.11425161	0.90125555	0.0043095634			
ACADM_7957	24158	acadm	0.008957006369426751	0.14040117968195423	1.0888963	1.0888963	1.0135752	1.0157009	1.0143838	-1.0036879	-1.0139143	1.0008007	-1.0126616	-1.0088369	1.0888963	0.5684986	0.72457784	0.6613132	0.871934	0.4332088	0.9756509	0.35092726	0.6781564	0.017303934			
ADAM10_7983	29650	adam10	0.032999410724808484	0.26886196603077944	1.0977713	1.0977713	1.0208967	1.090297	1.0530483	1.0398136	1.037779	1.0745325	1.0561147	1.0041904	1.0977713	0.56676334	0.090890944	0.15116726	0.3692649	0.41062427	0.14480829	0.17726517	0.9363141	0.016216721			
ADH5_7991	100145871	adh5	0.02404040404040404	0.22507552590121396	1.0191	1.0191	-1.012399	-1.0025494	-1.0016055	-1.0006629	1.0019699	-1.007783	1.0028143	-1.0017817	1.0191	0.2415174	0.8597484	0.85926443	0.9246051	0.8525208	0.3672716	0.6980052	0.7600936	0.045355596			
ADI1_7994	298934	adi1	0.007187063286085047	0.1334837559882932	-1.0912005	1.0912005	1.0087556	-1.0300798	1.0191602	-1.0217445	-1.0048064	-1.0293809	1.0187699	-1.0014801	-1.0912005	0.67123026	0.47500923	0.5709325	0.346723	0.69889927	0.26839206	0.19277298	0.94289345	0.027372455			
ADM_33168	25026	adm	0.009969481180061038	0.14512560012742043	-1.1657684	1.1657684	1.0384706	1.0364027	1.0956006	1.071731	-1.0101115	1.0113884	1.1457655	-1.0603637	-1.1657684	0.6752578	0.5929166	0.15402701	0.4232587	0.8825353	0.8442504	0.03095467	0.5166347	0.047196154			
AIMP2_8006	288480	aimp2	0.016881028938906754	0.18424695221555445	1.0422504	1.0422504	1.0084782	-1.0207189	-1.0073551	1.0150241	1.0051316	1.0028528	1.0202546	-1.0087535	1.0422504	0.7152217	0.2940358	0.7281461	0.4575687	0.8038729	0.8564818	0.3779546	0.6438555	0.024069792			
AKR7A2_8014	171445	akr7a2	0.00723036754368347	0.1334837559882932	1.1404496	1.1404496	1.0075827	-1.0059247	1.0315279	-1.0070113	-1.0214764	1.010186	-1.0147334	-1.0251119	1.1404496	0.8604091	0.91069907	0.5194215	0.89707434	0.6404621	0.8630423	0.79290813	0.6321247	0.02441955			
AKT2_32310	25233	akt2	0.042267430377246694	0.2981101656963726	-1.2162746	1.2162746	-1.040523	1.0188359	-1.0063753	-1.0634185	1.0737294	1.0462321	1.0544671	-1.0782073	-1.2162746	0.5202427	0.8191612	0.95393485	0.5019055	0.2262368	0.5346666	0.5030061	0.3824052	0.044899005			
ALDH7A1_8028	291450	aldh7a1	0.0015866719555731853	0.08175445623873423	1.1136596	1.1136596	1.0644453	1.0572875	1.0337918	1.0302896	-1.0022823	1.0175911	1.0193821	-1.037385	1.1136596	0.056762215	0.12835445	0.33661634	0.40565374	0.95696217	0.56866914	0.5473481	0.34898502	0.0025441211			
ALDOB_8033	24190	aldob	0.02471557473519027	0.22825560196616895	1.4143031	1.4143031	-1.1533142	-1.150593	1.0856693	-1.404201	-1.0158869	1.1308599	1.2411709	-1.3792471	1.4143031	0.5319246	0.6584937	0.7607549	0.17946813	0.9421376	0.5194162	0.24900009	0.18738356	0.08195823			
ANKRD10_8048	361183	ankrd10	0.03664302600472813	0.2849155443878713	-1.0702232	1.0702232	-1.0109997	1.0411971	1.0354782	1.0411619	1.0091162	-1.0140486	1.0700836	-1.0106741	-1.0702232	0.7788149	0.17457376	0.30252644	0.27278998	0.840035	0.595304	0.09627172	0.65400743	0.16871536			
ANXA4_32944	79124	anxa4	0.009286702232760324	0.14040117968195423	-1.0615128	1.0615128	1.0175974	-1.0377579	-1.0244113	-1.0283713	-1.0122033	-1.0121741	-1.0095967	-1.0409341	-1.0615128	0.5100426	0.10912248	0.16922976	0.2416716	0.44079664	0.5203316	0.68915236	0.08087656	0.05797573			
ANXA5_32426	25673	anxa5	0.002607823470411234	0.09523689877961233	-1.0893537	1.0893537	1.0145284	-1.0265841	-1.0272272	-1.019942	-1.02505	-1.0235697	1.0031404	-1.0496054	-1.0893537	0.41296807	0.31520483	0.4042559	0.3851597	0.25536835	0.4096459	0.9183611	0.030578315	0.028836148			
APEX1_8058	79116	apex1	0.01784640064166834	0.18842070557204088	1.040615	1.040615	-1.0001247	-1.0295032	1.0211363	1.009002	1.0146924	1.0045657	1.0001966	-1.0014497	1.040615	0.99656045	0.049457345	0.23274775	0.58015925	0.29866374	0.810207	0.9925808	0.89944243	0.045899674			
APOD_33207	25239	apod	0.03306435740995867	0.26886196603077944	1.319449	1.319449	1.1504785	1.2546184	1.1014699	1.1916775	1.1952322	1.06599	1.319449	1.2205284	1.306361	0.30817595	0.10705973	0.52647793	0.23649512	0.15053211	0.5456879	0.13719214	0.065745406	0.012094256			
ARHGAP30_32923	498282	arhgap30	0.03162134944612286	0.2634252008960684	-1.0390164	1.0390164	-1.010179	-1.0035169	-1.0028049	-1.0163292	-1.0281576	-1.0032341	1.0041637	-1.0215636	-1.0390164	0.3429707	0.83525485	0.65670186	0.29446837	0.19471602	0.7381764	0.86784935	0.03190966	0.03564635			
ARHGDIB_32723	362456	arhgdib	0.0039541320680110716	0.10915897847305792	-1.0599396	1.0599396	-1.0403872	1.0074226	-1.0084419	-1.0188336	-1.0225278	-1.0052719	1.0077184	-1.009297	-1.0599396	0.053986315	0.5889881	0.67180276	0.38210633	0.35743877	0.7395414	0.6251178	0.4728707	0.0058625033			
ASPM_8092	289054	aspm	0.011762360446570972	0.1607793816449266	1.138519	1.138519	1.0500333	1.138519	1.0676112	1.0884506	1.0654006	1.075198	1.0709487	1.0299214	1.1240767	0.0341391	0.10404587	0.025651423	0.16270784	0.040842477	0.041288104	0.060496926	0.18080987	2.6038874E-4			
ATP2C1_8107	170699	atp2c1	7.905138339920949E-4	0.06560064282844516	1.0815746	1.0815746	1.0480616	1.0326208	1.0170658	1.0410444	1.0142684	1.0286733	1.0265213	-1.0058433	1.0815746	0.043953486	0.1632017	0.4761743	0.025828455	0.36595675	0.18036233	0.22955495	0.8206653	0.0034385263			
ATP5L_33116	300677	atp5mg	0.0015723270440251573	0.08175445623873423	-1.1199859	1.1199859	-1.0306233	-1.0094466	-1.0292656	-1.0364951	1.007643	-1.019465	-1.0101092	-1.0034716	-1.1199859	0.28160715	0.689415	0.4153878	0.049428623	0.6213486	0.47869146	0.66766423	0.889649	0.018783504			
ATP6AP1_33058	83615	atp6ap1	0.021162974683544302	0.21118402878442238	1.0604032	1.0604032	1.0168045	1.0372344	1.0356452	1.0211204	-1.0013765	1.0206019	1.0252101	-1.0176804	1.0604032	0.39746398	0.24617003	0.054447412	0.447948	0.9528861	0.3936425	0.24723314	0.31709924	0.0015118852			
ATP6V1F_8114	116664	atp6v1f	0.010943095901313172	0.15403350851434608	-1.0197625	1.0197625	-1.0091709	-1.0143051	-1.0075737	-1.0029231	-1.0031332	1.0001068	1.0005805	-1.0097066	-1.0197625	0.120656304	0.08269266	0.24172543	0.638733	0.58593744	0.9872182	0.89450955	0.084469445	0.051391605			
BANF1_8131	114087	banf1	0.008371536774965119	0.14040117968195423	-1.0539169	1.0539169	-1.0393496	-1.0313416	-1.0270783	-1.0037156	1.007962	-1.0105072	1.0198901	1.0043399	-1.0539169	0.09023129	0.009867937	0.21220762	0.8236744	0.41825598	0.5541348	0.2366103	0.78232926	0.020113282			
BCAT2_32849	64203	bcat2	0.018001978239366962	0.18842070557204088	1.1149505	1.1149505	-1.0348061	1.0470946	1.0120959	1.0136049	-1.0256957	-1.01884	-1.0282406	-1.0220768	1.1149505	0.47634304	0.54898655	0.7730137	0.72123724	0.46935338	0.5599627	0.40587935	0.555374	0.04017367			
BCL2A1_8136	170929	bcl2a1	0.0056179775280898875	0.12600321027287317	-1.0856405	1.0856405	-1.0138832	-1.0338866	-1.0434797	-1.0228733	-1.0116702	-1.021344	-1.003828	-1.0039532	-1.0856405	0.49669653	0.31647506	0.079673894	0.15487865	0.6346965	0.47398546	0.88283175	0.7876501	0.032455437			
BEX1_32763	501625;100912195	bex1;loc100912195	0.013029315960912053	0.16942128707307855	-1.0499467	1.0499467	-1.0135604	1.000745	1.0058485	1.0112656	1.0217783	-1.0415647	-1.010859	1.0060639	-1.0499467	0.4633548	0.97623736	0.7075532	0.39284715	0.1791786	0.009127511	0.3648391	0.72043085	0.046151828			
BST1_32671	81506	bst1	0.038461538461538464	0.2857348975911145	1.0385753	1.0385753	1.008849	1.0251784	1.0385753	1.0264081	1.0358344	1.0045488	1.0268282	1.0206344	-1.0313457	0.666435	0.2389233	0.17351471	0.270635	0.038750164	0.7139455	0.11572078	0.21107608	0.3709915			
CALU_8191	64366	calu	2.016942315449778E-4	0.0413744171903507	1.0329835	1.0329835	1.0142565	-1.0003431	1.0026617	-1.0078415	-1.0275002	-1.0001734	-1.0072559	-1.0157976	1.0329835	0.09107882	0.9074415	0.5110914	0.3489826	9.774868E-4	0.9796393	0.5256374	0.09042715	2.3620106E-4			
CBR1_8208	29224;102556347	cbr1;cbr1l2	0.001582591493570722	0.08175445623873423	-1.0475031	1.0475031	-1.0252299	-1.0141184	-1.0122216	-1.0181973	-1.0084144	-1.016885	-1.0024087	-1.0182785	-1.0475031	0.03609723	0.014080316	0.39874363	0.014298451	0.17386538	0.28318995	0.6760376	0.17437223	0.020761264			
CCL21_33005	298006	ccl21	0.038461538461538464	0.2857348975911145	-1.0694041	1.0694041	1.0356457	-1.0130332	-1.0313643	-1.012392	-1.0468626	-1.0102067	-1.0498645	-1.0320332	-1.0694041	0.34986275	0.64101607	0.38628885	0.6536096	0.13083197	0.8271897	0.09549002	0.5020948	0.074302174			
CCL3_32935	25542	ccl3	0.008674601573532378	0.14040117968195423	-1.098311	1.098311	1.0197651	-1.0960534	-1.0402814	-1.0535866	-1.0216105	1.0041904	-1.01291	-1.0453912	-1.098311	0.35346696	0.07254896	0.4032915	0.031757854	0.407523	0.85840183	0.5807671	0.17168422	0.046280913			
CCNB2_8223	100364016;363088	ccnb2-ps2;ccnb2	0.007976071784646061	0.13913814113215905	1.0416505	1.0416505	1.0056458	1.021736	1.0194331	1.0171381	1.0154715	1.0123597	1.0100214	1.0024383	1.0416505	0.7392547	0.17306018	0.20028472	0.23707698	0.28483516	0.32679963	0.40851116	0.8650551	0.0045699123			
CCND1_8224	58919	ccnd1	0.0393527766679984	0.28996035082810373	-1.1647465	1.1647465	1.0451316	1.0487424	-1.0119483	-1.0448613	1.0046313	1.0027434	-1.0404942	-1.1647465	-1.1269006	0.42154524	0.42451692	0.89498717	0.42950144	0.9296378	0.9556016	0.5534263	0.020799773	0.27741075			
CCNE2_8227	362485	ccne2	0.028491171749598716	0.25064862733159904	-1.0832965	1.0832965	-1.0144371	1.051011	1.0219644	1.0099604	1.052585	-1.0111825	1.0418204	1.0088143	-1.0832965	0.78182304	0.07343014	0.594403	0.7918485	0.15754467	0.76529926	0.40568528	0.75899935	0.024571903			
CCNG1_32302	25405	ccng1	0.009264853977844914	0.14040117968195423	1.2478998	1.2478998	1.1394496	1.2478998	1.065482	1.0341326	1.2134758	1.1512231	1.2028301	1.1454198	-1.182203	0.06720401	0.023616496	0.46849707	0.70479417	0.10611595	0.118916065	0.13253683	0.27915204	0.032672048			
CCNH_8229	84389	ccnh	0.03717545239968529	0.2849155443878713	-1.0271064	1.0271064	1.0098462	-1.0252421	-1.0071315	-1.0116897	1.012197	1.011256	-1.0052235	-1.0032297	-1.0271064	0.5600417	0.20332594	0.54559207	0.40251046	0.2456202	0.22349444	0.6405666	0.826444	0.044650313			
CCT2_8233	299809	cct2	0.00398406374501992	0.10915897847305792	-1.048303	1.048303	-1.0298661	-1.0154952	-1.0152757	-1.027311	-1.011141	-1.0404916	-1.0070848	-1.0059233	-1.048303	0.050091892	0.28729922	0.36333945	0.1432185	0.2371579	5.1082403E-4	0.5118161	0.6913846	0.04489735			
CD3D_33153	25710	cd3d	0.028205641128225645	0.24964070574565023	1.0201893	1.0201893	-1.0013827	1.017341	1.00969	1.0066992	1.0201893	1.0086148	1.0123198	1.0026592	-1.0099956	0.7423809	0.09408684	0.32598117	0.29648468	0.014073858	0.24721433	0.13814762	0.65229964	0.29827815			
CD74_8252	25599	cd74	0.009480545131345053	0.14128270385229436	1.0932866	1.0932866	1.0433275	1.0259225	1.0172577	1.0070859	-1.008513	1.0215311	-1.003107	-1.0186571	1.0932866	0.33038533	0.36480793	0.57629967	0.7583614	0.6327797	0.5054723	0.8291416	0.49446175	0.013851494			
CD81_32607	25621	cd81	0.016265060240963854	0.18236789865088898	1.0813758	1.0813758	1.0554127	1.0813758	1.0487957	1.0568652	1.0629673	1.0601065	1.0457796	1.0631541	1.0652469	0.017684374	0.07338432	0.112383515	0.07938807	0.009927023	0.02865075	0.09451077	0.010219103	0.007769236			
CD83_32673	361226	cd83	0.017420905086103323	0.18812734010971896	-1.0550978	1.0550978	1.0012665	-1.0325928	-1.0074714	-1.0155596	-1.0126868	-1.0204577	-1.0245829	-1.0550978	-1.0239532	0.95007515	0.10461228	0.47174272	0.17283154	0.44293863	0.14503461	0.1187791	0.012689171	0.074415304			
CD97_8254	361383	adgre5	0.040096230954290296	0.2912327664687064	-1.0626041	1.0626041	-1.0363799	1.0338885	1.0113711	1.0205765	1.0075221	-1.0062934	1.0279813	1.0024984	-1.0626041	0.13663597	0.008206695	0.78402424	0.37711686	0.81634253	0.7776126	0.35156515	0.857616	0.06497891			
CDK1_8264	54237	cdk1	0.00884433962264151	0.14040117968195423	1.3862134	1.3862134	1.330364	1.3862134	1.2272816	1.3026463	1.2711924	1.2651086	1.2929293	1.1697526	1.3731201	0.011696443	0.12211398	0.10306698	0.031185754	0.02457753	0.07421804	0.02866914	0.2145721	0.009790286			
CEBPB_8282	24253	cebpb	0.017825311942959002	0.18842070557204088	-1.1167889	1.1167889	-1.0003849	-1.1018159	-1.1114179	-1.073879	-1.0629355	-1.051738	-1.0525867	-1.0838232	-1.1167889	0.98988426	0.14314812	0.0024325822	0.014492446	0.14071648	0.41070145	0.065093406	0.01742167	0.018369822			
CEBPZ_8284	362686	cebpz	0.0021894904458598726	0.09278729717889586	1.1725371	1.1725371	1.0901027	1.0728291	1.0510057	1.054863	1.0388159	1.0422401	-1.0156254	1.0105215	1.1725371	0.03968661	0.33206564	0.27380723	0.07003655	0.18692887	0.4115294	0.7670814	0.7791258	0.004534055			
CENPQ_8290	363198	cenpq	0.028846153846153848	0.2516025641025641	-1.0907817	1.0907817	-1.0778028	-1.056969	-1.0497334	-1.033414	-1.0079436	-1.050344	1.0019186	-1.0065095	-1.0907817	0.12296745	0.09268461	0.07988181	0.29658207	0.78095293	0.2336775	0.9125235	0.7065615	0.06066322			
CENPW_32846	689399	cenpw	0.001408167370750352	0.08175445623873423	-1.0529647	1.0529647	-1.0054181	1.0055985	-1.0019938	-1.0072964	1.0215137	-1.0018665	1.0102895	1.0046133	-1.0529647	0.67046124	0.7728571	0.8868701	0.43136266	0.07477388	0.8825679	0.39601386	0.580575	0.03178398			
CFHR1_8295	289057	cfhr1	0.03470283207020343	0.2759154243037321	-2.2970579	2.2970579	-1.34533	1.12409	1.2150388	-2.2970579	-1.0127097	1.0202448	1.5041249	-1.3304231	1.4939082	0.40855947	0.6807894	0.5123391	0.082980186	0.9624744	0.9478186	0.06541339	0.41801608	0.08408423			
CGRRF1_8300	116679	cgrrf1	0.023508137432188065	0.22316329534463183	-1.0491525	1.0491525	-1.0195644	-1.0061994	-1.0260209	-1.0037057	-1.0118974	-1.0018445	1.0247746	-1.0461515	-1.0491525	0.3795912	0.4768075	0.31777632	0.63912916	0.1552848	0.89900607	0.056779772	0.054174375	0.06751017			
CHEK2_8305	114212	chek2	0.022222222222222223	0.21394129979035642	1.142299	1.142299	1.0913197	1.1225947	1.1201876	1.0910227	1.031452	1.1063046	1.0651675	1.0112507	1.142299	0.08723566	0.26891512	0.03603036	0.1338141	0.49700066	0.028080389	0.17390676	0.7837894	0.008847336			
CIAPIN1_8319	307649	ciapin1	0.01446364001607071	0.1742777754699825	1.3746209	1.3746209	1.155325	1.3746209	1.109538	1.0640488	1.178198	1.012251	1.0405809	1.090307	1.3364654	0.2705599	0.04920259	0.39111194	0.63397634	0.14279372	0.9154551	0.7396427	0.44131634	0.032850847			
CIB1_33206	81823	cib1	0.005712034666141422	0.12609610735159046	-1.0808953	1.0808953	-1.020638	-1.027623	-1.0229483	-1.0227495	1.001151	-1.0259562	-1.015704	-1.001708	-1.0808953	0.41467258	0.3517731	0.4496666	0.38719392	0.94860494	0.30730632	0.47923464	0.930072	0.015852857			
CKS2_8325	498709	cks2	0.014265335235378032	0.1742777754699825	1.0256482	1.0256482	1.002801	1.0125041	-1.0010217	1.011529	1.0049502	1.0117372	1.0085748	1.0013533	1.0256482	0.6920696	0.32523295	0.9245682	0.19614787	0.6129116	0.059184715	0.59013116	0.8218649	0.0025958759			
CLK1_32739	301434	clk1	0.049679487179487176	0.31295010288065844	1.0998073	1.0998073	1.0052034	1.0998073	1.007216	1.0154542	1.0677648	1.0085027	1.0494838	1.0326214	-1.0466509	0.87249005	0.070794344	0.8264318	0.7295858	0.047520086	0.728297	0.117486015	0.39386606	0.08614335			
CLTC_8337	54241	cltc	0.021331738437001594	0.21118402878442238	-1.0250436	1.0250436	1.0133185	1.0145179	-1.0085691	-1.00302	1.0075005	-1.00009	1.0033953	-1.0185014	-1.0250436	0.1410046	0.26304823	0.3906742	0.8708653	0.46900374	0.9930518	0.8200233	0.09006372	0.06904962			
CNN1_32759	65204	cnn1	0.003972983710766786	0.10915897847305792	1.6595807	1.6595807	1.0956833	1.1911966	1.3434848	1.1925217	1.1749691	1.0356997	-1.0045811	1.0711195	1.6595807	0.75521797	0.348622	0.06514419	0.40093625	0.2984151	0.89429736	0.9825169	0.77858496	0.012423988			
CNN2_32878	690976	cnn2	0.023871096081161728	0.22452030922419855	1.029447	1.029447	1.0015087	-1.0119591	1.0027051	-1.0071372	-1.0063956	1.0053862	-1.0205647	-1.0081681	1.029447	0.9291234	0.30776802	0.83304816	0.47547302	0.46633863	0.55810386	0.27626178	0.40462074	0.0906307			
CNN3_32615	54321	cnn3	0.0030175015087507543	0.09544072948328267	-1.0492953	1.0492953	1.0010103	-1.0150937	-1.0249642	-1.008521	-1.0107027	-1.0102022	-1.0093585	-1.0340413	-1.0492953	0.9423864	0.3943376	0.19421314	0.5446247	0.4780561	0.4061591	0.5967196	0.011899139	0.011783326			
CPT1B_8373	25756	cpt1b	0.006216162021255264	0.1288410969010828	-1.4084924	1.4084924	1.0260997	1.3230813	1.0724375	1.3147608	1.2507776	1.0581928	-1.0089648	1.1709806	-1.4084924	0.84773	0.07831666	0.6025964	0.0705039	0.19816342	0.7215677	0.93902326	0.2653013	0.11088514			
CRAT_8375	311849	crat	0.007759649820931158	0.13913814113215905	-1.0632198	1.0632198	1.0057257	1.031135	1.0128402	1.0415518	-1.0013623	-1.0100962	1.0309359	-1.0627171	-1.0632198	0.79907024	0.38082364	0.5913455	0.26034915	0.953603	0.7119716	0.17835529	0.014835401	0.03357008			
CREB1_8377	81646	creb1	0.005858585858585859	0.12609610735159046	1.087864	1.087864	1.0297732	1.0525734	1.0254618	1.0226792	-1.0022017	1.0225581	-1.0021436	-1.0081805	1.087864	0.07892948	0.2947006	0.3047652	0.33935335	0.89650637	0.36818153	0.8825982	0.45731854	0.008692629			
CROT_8384	83842	crot	0.03809333865177503	0.2857348975911145	-1.0621713	1.0621713	-1.0150768	1.039299	-1.0278332	-1.0185199	1.0034497	-1.0130402	1.0101975	-1.0114365	-1.0621713	0.5475882	0.1321028	0.5277066	0.51605636	0.8877827	0.19398355	0.53809094	0.48063833	0.06927816			
CSGALNACT2_8391	297554	csgalnact2	0.044453264536614405	0.3062668150418434	1.115107	1.115107	1.0001913	1.0397981	1.0119299	1.0277185	-1.0092381	1.0128809	1.0165157	1.017231	1.115107	0.9951233	0.67782724	0.6399568	0.42776334	0.789979	0.6463446	0.6006349	0.5436288	0.022885907			
CSRP1_8396	29276	csrp1	0.008326724821570182	0.14040117968195423	-1.0602493	1.0602493	1.0043379	-1.0083351	-1.005998	-1.0002021	-1.0174978	-1.0024109	1.0093346	-1.0180169	-1.0602493	0.793655	0.6827082	0.7704723	0.9911213	0.2897295	0.9153494	0.77118	0.18297464	0.021425303			
CST7_32653	296257	cst7	0.031145278927656218	0.26267567888986093	-1.1401343	1.1401343	1.0020466	-1.058218	-1.0560172	-1.0348922	-1.055804	-1.063309	-1.022793	-1.030281	-1.1401343	0.96286666	0.3348313	0.44120076	0.5169968	0.39560086	0.26611972	0.62018085	0.48326287	0.03242363			
CTPS1_32924	313560	ctps1	0.022908366533864542	0.21848586960568941	1.247953	1.247953	1.0711372	-1.0151391	1.2355921	1.0373919	1.0023383	1.0791508	-1.0115585	-1.0486654	1.247953	0.44592956	0.92304933	0.03793178	0.71970445	0.98177683	0.4603261	0.92136043	0.6839348	0.05369209			
CXCL12_32815	24772	cxcl12	0.03194888178913738	0.2650718200472739	-1.0575428	1.0575428	-1.0033689	-1.0259233	-1.0010829	-1.0136484	-1.03133	-1.0116652	-1.0158384	-1.0575428	-1.0285228	0.8669021	0.21401508	0.945279	0.20891309	0.031798314	0.42730898	0.45841414	0.01117556	0.1632701			
CYP11A1_32785	29680	cyp11a1	2.0271639975674033E-4	0.0413744171903507	-1.5893841	1.5893841	1.0267202	-1.0060204	-1.0425045	1.0184516	-1.0065643	1.0468763	1.063259	1.0067749	-1.5893841	0.71667844	0.9061338	0.4620985	0.6824935	0.90177363	0.6960344	0.22208008	0.91826975	0.007861263			
CYP11B3_34118	353498;500892	cyp11b3;cyp11b1	0.0014107214832728737	0.08175445623873423	-1.3580171	1.3580171	-1.0721811	1.1041532	1.0500406	-1.0471461	1.0835147	1.0338256	1.0216004	-1.1134057	-1.3580171	0.5029642	0.21185039	0.56572556	0.6988093	0.27436686	0.62705964	0.7724634	0.14514555	0.023561358			
CYR61_32555	83476	ccn1	0.041487279843444226	0.2950367183291626	1.3800278	1.3800278	1.0957469	1.326684	-1.0710183	-1.0053357	-1.0895379	1.3591089	1.0074425	-1.3147428	1.3800278	0.5536394	0.012198367	0.68413764	0.9779098	0.44044954	0.051055696	0.9725427	0.23109841	0.0062453477			
DAO_8437	114027	dao	0.017903322060871293	0.18842070557204088	1.3209313	1.3209313	-1.2345661	-1.0220687	-1.2597668	-1.302582	-1.0921239	-1.1295764	-1.035193	1.0530095	1.3209313	0.4899479	0.8954026	0.34195793	0.18252054	0.61439806	0.5155365	0.82326007	0.7183295	0.05457351			
DDIT3_8449	29467	ddit3	0.04796453043127771	0.3083118750956021	-1.034303	1.034303	-1.0263518	-1.0010725	-1.0056862	-1.0098361	-1.0036944	-1.0017779	-1.0116035	-1.0269129	-1.034303	0.07867973	0.90435165	0.73027736	0.5194293	0.693369	0.88308126	0.34648603	0.06554097	0.12890658			
DDX18_8453	308490	ddx18	0.04002365930599369	0.2912327664687064	1.0539007	1.0539007	1.0350865	1.0006311	1.030121	1.0207195	-1.0005008	1.0116854	1.0149553	1.001393	1.0539007	0.17114969	0.98075956	0.2700121	0.4423002	0.98022103	0.7064084	0.41298774	0.9362802	0.029496089			
DECR1_8458	117543	decr1	0.03694827241861394	0.2849155443878713	-1.0541468	1.0541468	-1.0263966	-1.0244501	-1.0488948	-1.0095508	1.0123153	-1.0411543	1.0181231	-1.0082179	-1.0541468	0.22841993	0.39453417	0.14551747	0.6685948	0.5355108	0.07032747	0.3153136	0.7073613	0.10978793			
DENND2D_8461	310772	dennd2d	0.002765158996642307	0.09544072948328267	-1.0706916	1.0706916	-1.0219407	-1.0618123	-1.0449152	-1.0276303	-1.0324461	-1.0035778	-1.0232352	-1.0226315	-1.0706916	0.2508681	0.07703278	0.06721148	0.12037094	0.022874337	0.8306391	0.09360071	0.22563848	0.0065360866			
DLD_8474	298942	dld	0.04471705579738821	0.3062668150418434	1.0559866	1.0559866	1.0247098	1.0296798	-1.0028958	1.0126967	-1.0079349	1.0007492	1.0010498	-1.0082486	1.0559866	0.007833993	0.5032983	0.85793084	0.5046191	0.6257901	0.9731306	0.95812356	0.5139782	0.0037955826			
DNAJC15_8483	290370	dnajc15	0.007259528130671506	0.1334837559882932	-1.0655043	1.0655043	-1.0085992	-1.0363084	-1.0219171	-1.0068856	-1.0153449	-1.016431	-1.0117532	-1.0134495	-1.0655043	0.6253392	0.33004063	0.026080387	0.48799297	0.15562612	0.31305444	0.15102042	0.21195723	0.04384303			
DPM2_8491	29640	dpm2	0.021607942378820324	0.21202793459217442	1.2806116	1.2806116	1.2256628	1.0734081	1.2804348	1.112302	-1.0861822	1.191013	1.1924543	1.1109906	1.2806116	0.025908325	0.51623404	0.028655408	0.3867448	0.53086823	0.10687632	0.049666695	0.39218473	0.06172109			
DRAP1_8496	293674	drap1	0.035004916420845626	0.27691873804242606	1.1053623	1.1053623	1.0447018	-1.0656364	1.0090384	-1.0361851	-1.044921	-1.0038999	-1.0573504	-1.0458276	1.1053623	0.43021515	0.29914436	0.8843519	0.4715205	0.23930483	0.9397538	0.1469195	0.3964479	0.034993354			
DUSP11_8501	297412	dusp11	0.019345831671320302	0.19842866083743993	1.0540352	1.0540352	1.0279119	1.0179658	1.0176456	1.0171059	-1.0055062	1.0195308	-1.0006723	-1.0173324	1.0540352	0.15044332	0.5241985	0.43073985	0.42892522	0.78117335	0.3609464	0.97288615	0.24517597	7.2599534E-4			
DYNLT3_8507	363448	dynlt3	0.04757085020242915	0.3083118750956021	-1.0573226	1.0573226	1.0266784	-1.0573226	-1.0063974	-1.0157675	-1.0048275	1.0092535	-1.0296239	-1.0048242	-1.0339712	0.1533877	0.14084181	0.5330219	0.40244573	0.6841541	0.55165035	0.06365712	0.6596178	0.054893225			
EAPP_8512	299043	eapp	0.00791295746785361	0.13913814113215905	-1.0272728	1.0272728	-1.0023763	-1.0078461	1.0032253	-1.0125152	-1.0034198	-1.0040798	-1.0105842	-1.015769	-1.0272728	0.7613074	0.10310877	0.5894976	0.1675264	0.39705625	0.5854747	0.13419543	0.06985722	0.11880522			
EBNA1BP2_8513	114021	ebna1bp2	0.0479315831344471	0.3083118750956021	-1.0281552	1.0281552	-1.0077419	-1.0047592	-1.0046653	-1.0068192	1.004266	-1.0050174	-1.0011717	-1.0062522	-1.0281552	0.38555607	0.72421426	0.750757	0.48834714	0.6205606	0.69801927	0.8852768	0.63595927	0.11493325			
ECD_8515	688968	ecd	0.03806852334201563	0.2857348975911145	1.0732867	1.0732867	1.0157706	1.0732867	1.0335282	1.0352849	-1.0053335	1.0398666	1.0498203	1.0261651	1.0660607	0.4240621	0.14524874	0.2631622	0.15542716	0.7729411	0.31725717	0.047004618	0.2836497	0.006265633			
ECI1_8520	29740	eci1	0.011247040252565114	0.15722745996907808	1.0895685	1.0895685	1.0769283	-1.004283	-1.0010611	1.0095054	-1.0241551	1.0429107	-1.0303077	1.0238318	1.0895685	0.06594814	0.87555546	0.9745259	0.8018282	0.49008122	0.25599435	0.28196803	0.52866787	0.014822383			
ECI2_8521	291075	eci2	0.009121554630180448	0.14040117968195423	-1.0605801	1.0605801	-1.0327814	1.050799	1.0218639	1.0153587	1.0282848	1.002706	1.0243433	1.006815	-1.0605801	0.14781158	0.07478172	0.31849158	0.6624707	0.30340812	0.91753614	0.39091945	0.61306804	0.012396247			
ECI3_8522	291076	eci3	0.04755300178323757	0.3083118750956021	1.0703846	1.0703846	1.0587332	1.0138066	1.0018214	1.0219841	1.0131783	1.039593	1.0194387	-1.0329566	1.0703846	0.0043304698	0.5978711	0.9599936	0.42001835	0.54969597	0.36499557	0.4861756	0.2845517	0.07136634			
EDEM1_8524	297504	edem1	0.03731494625836544	0.2849155443878713	-1.0811929	1.0811929	-1.0084592	1.0587225	1.0114639	1.0022794	1.0179504	-1.0061129	1.0437795	-1.0226004	-1.0811929	0.80723184	0.15110429	0.80756795	0.96613026	0.6233023	0.8188388	0.20280786	0.3559135	0.06984148			
EED_8526	293104	eed	0.047780887644942024	0.3083118750956021	1.1454928	1.1454928	1.0664822	1.061638	1.0126084	1.0175692	-1.0198715	1.0271956	1.0062522	1.0102319	1.1454928	0.11751396	0.57209903	0.82570404	0.7093835	0.5531076	0.7087658	0.8767384	0.81589246	0.015076863			
EIF2AK2_8539	54287	eif2ak2	0.005036261079774376	0.1195233588816221	-1.091468	1.091468	-1.0261892	1.0051599	-1.0079551	-1.00864	-1.0111811	1.0064943	1.0135621	-1.0146054	-1.091468	0.28451222	0.8602331	0.7785357	0.7109998	0.6038793	0.8070718	0.57337445	0.4603948	0.046673805			
EIF4G1_8551	287986;682402	eif4g1;eif4g1-ps1	0.03374600638977636	0.2733158692124347	1.0776384	1.0776384	1.0268263	1.077556	1.0270097	1.0495828	1.0029885	1.0078758	1.0324328	1.0001111	1.0776384	0.24722561	0.1983654	0.07216171	0.2085437	0.91872346	0.64211863	0.1914624	0.9945449	7.880605E-4			
EIF5_8552	108348073;295660	eif5;eif5-ps1	0.04818789228588783	0.3083118750956021	-1.025795	1.025795	1.0038857	1.0027456	-1.0023861	1.0064667	-1.0143548	-1.0073445	1.013437	-1.0172166	-1.025795	0.7081651	0.7167203	0.88615644	0.56562525	0.22689769	0.3367134	0.2678099	0.072243795	0.15729845			
ENOPH1_8559	305177	enoph1	0.006301693580149665	0.1288410969010828	1.176213	1.176213	1.0606143	1.1557505	1.0559543	1.0466034	1.0998967	1.0281565	1.0532914	1.1382359	1.176213	0.24061047	0.11336276	0.31702235	0.31122848	0.10772217	0.6697992	0.32456195	0.01663146	0.005084618			
EPRS_8569	289352	eprs1	0.027160983346550358	0.24529011951464283	1.0216022	1.0216022	-1.0099449	1.011017	1.0051385	1.0065337	1.002031	-1.0089498	1.0105606	-1.0137268	1.0216022	0.49081945	0.41234508	0.41162997	0.6152444	0.82307714	0.42810124	0.27193907	0.09984047	0.019930156			
EXOSC4_8579	300045	exosc4	9.96810207336523E-4	0.07162559571018481	-1.0766722	1.0766722	-1.0063553	-1.0059639	1.0138872	1.031718	-1.0065703	1.0224775	1.030962	-1.0053586	-1.0766722	0.80619997	0.8138699	0.46688747	0.0993103	0.8148322	0.20628123	0.095306896	0.75149196	0.0051172683			
FADS1_8593	84575	fads1	0.04653961885656971	0.3083118750956021	1.2289981	1.2289981	-1.0893973	1.1458718	1.2289981	1.1487594	-1.0797184	1.2021272	1.0532411	-1.0384593	-1.2115244	0.4959219	0.23968127	0.078432985	0.32841247	0.6483632	0.14597514	0.7616533	0.7516871	0.17490631			
FAM103A1_33078	293058	ramac	0.01410409217322209	0.1742777754699825	-1.0518073	1.0518073	-1.0110146	-1.0335397	-1.0234408	-1.0127393	-1.0076962	-1.0089556	-1.0016195	-1.0055158	-1.0518073	0.39940682	0.25751325	0.17972822	0.28433517	0.43423665	0.443102	0.80750954	0.6293036	0.053157665			
FAM183B_33213	287346	cfap144	1.967342120794806E-4	0.0413744171903507	-1.4397207	1.4397207	1.0265435	1.1299875	-1.0043299	1.197763	1.1634386	1.156655	1.0666138	-1.0219237	-1.4397207	0.596471	0.18597287	0.92786336	0.16094637	0.04692809	0.010902132	0.31027293	0.8103549	0.014352418			
FAM20B_8600	304885	fam20b	0.022136474411047928	0.21394129979035642	-1.0673376	1.0673376	1.0267663	1.046242	1.0267843	-1.0124512	1.0054171	-1.0471821	-1.0138878	-1.0213038	-1.0673376	0.34256893	0.25139228	0.42770293	0.7665538	0.8813619	0.3795499	0.7067018	0.4830753	0.050003707			
FASTKD5_8612	366192	fastkd5	0.011745968544694405	0.1607793816449266	1.1705792	1.1705792	1.0818729	1.1336268	1.0482365	1.0165877	-1.0031978	1.061648	1.0144894	1.0108291	1.1705792	0.14606774	0.13234788	0.44593048	0.82060504	0.95472246	0.3929368	0.7950708	0.8052832	0.020015856			
FGL1_8640	246186	fgl1	0.02883276993438059	0.2516025641025641	-1.3959692	1.3959692	-1.3959692	-1.0012504	1.0453864	-1.2933205	1.165061	1.1953584	1.2395341	-1.275796	1.2957222	0.16497658	0.9944208	0.8697861	0.10855513	0.37924463	0.26713726	0.13622236	0.14979392	0.13587204			
FILIP1L_32649	304020	filip1l	0.01985843491938655	0.2011138613861386	1.1545727	1.1545727	1.1371197	1.073877	1.0260024	1.0480145	-1.0078925	1.0475965	1.022915	-1.0051637	1.1545727	0.042353474	0.32281166	0.6872073	0.43723348	0.85404706	0.5042885	0.7183933	0.9209217	0.01869726			
FKBP10_33287	360627	fkbp10	0.01911969727145987	0.19808782807639388	-1.388604	1.388604	1.0532672	1.1738713	-1.0247658	1.1842453	1.0561186	1.1737598	1.1359825	1.0649494	-1.388604	0.79298544	0.26952714	0.8682454	0.26642126	0.7477362	0.2710552	0.3807718	0.6418899	0.067148276			
FKBP4_8649	260321	fkbp4	0.006375772066148635	0.1288410969010828	1.1664542	1.1664542	1.0478336	1.0271852	1.0113832	1.0581201	-1.0325136	1.0572395	-1.0077279	1.0139685	1.1664542	0.38829792	0.6633379	0.87304604	0.15534292	0.4259277	0.19002345	0.8803223	0.74559975	0.015622751			
FST_33195	24373	fst	0.022438443208895948	0.2150087445509701	1.9078538	1.9078538	1.8505802	1.6680822	1.7667751	1.9078538	1.5255053	1.7494413	1.8611627	1.1030166	1.6609156	0.01688913	0.05173174	0.02107635	0.03015725	0.15575893	0.029954145	0.04680362	0.7503441	0.041875537			
G3BP1_8673	171092	g3bp1	0.007928642220019821	0.13913814113215905	1.0241609	1.0241609	1.0046086	1.003938	1.0039703	1.0088617	-1.001732	1.0016644	1.0016904	-1.0075628	1.0241609	0.65407676	0.675236	0.43284848	0.40149724	0.81489074	0.8122985	0.7265855	0.13400465	0.0015605651			
GAPDH_8682	24383	gapdh	0.0031676895664224905	0.09795840007679248	1.0224125	1.0224125	1.0061347	-1.0006065	1.0101812	-1.0032197	-1.0005934	1.007598	-1.0022141	-1.0029818	1.0224125	0.41326877	0.8959951	0.21221995	0.5238604	0.92540187	0.24558121	0.5649587	0.65212756	0.018235005			
GAR1_8683	499709	gar1	5.964214711729623E-4	0.06511682317533579	-1.5053666	1.5053666	-1.3074661	-1.5053666	-1.1513194	-1.2564493	-1.3182358	-1.4106753	-1.1700712	1.0723228	1.0588773	0.0013868382	0.009202845	0.027830986	0.03346634	0.0034606494	1.1052241E-4	0.22650196	0.22047171	0.27205676			
GAR1_8684	499709	gar1	0.0025656206828498125	0.09523689877961233	1.1355267	1.1355267	1.0482018	1.087312	1.0565782	1.0846212	1.0148987	1.0388525	1.0235521	-1.0098112	1.1355267	0.18579976	0.16590461	0.22292994	0.017072778	0.5815785	0.26317978	0.5208059	0.8416444	1.2103725E-4			
GCDH_8693	364975	gcdh	0.04288025889967637	0.3007512316640532	1.0418102	1.0418102	-1.0019443	1.0333792	1.0092098	1.0033659	1.0071079	1.0046632	1.013207	-1.0180916	1.0418102	0.91102034	0.3067404	0.47550467	0.834303	0.47143096	0.75753635	0.2532982	0.1665013	0.015226929			
GINS1_8707	499914	gins1	0.0021886191802626344	0.09278729717889586	1.0607076	1.0607076	1.0079277	1.0435498	1.0448018	1.0163478	1.0276698	1.023474	1.0362773	1.0275176	1.0607076	0.5255892	0.04454271	0.014109201	0.5129677	0.09655648	0.20319225	0.055292208	0.18171915	0.0070040384			
GLIPR1_32487	299783	glipr1	0.004334975369458128	0.11412899814961672	-1.0355614	1.0355614	1.0006324	-1.0176793	-1.0080959	-1.0003788	-1.0061626	-1.000468	-1.0178794	-1.0004636	-1.0355614	0.9433169	0.25716752	0.499625	0.9394789	0.29329947	0.9327304	0.1064821	0.96157163	0.027339607			
GLRX_8715	64045	glrx	0.0022276225192385582	0.09278729717889586	-1.1236366	1.1236366	1.0221792	-1.035362	-1.0654174	-1.1236366	-1.023691	-1.0735925	1.035702	-1.0143498	-1.1161923	0.35309222	0.354177	0.14102246	0.026071828	0.3400449	0.12876636	0.24713854	0.6471343	0.0013194082			
GMFG_32344	113940	gmfg	0.009197651663405087	0.14040117968195423	-1.0320786	1.0320786	-1.0071807	-1.0217863	-1.0077885	-1.0131459	-1.0000395	-1.0064375	-1.0051093	-1.0008888	-1.0320786	0.40672466	0.18748803	0.36752576	0.30319145	0.9967171	0.45098197	0.59470356	0.90298617	0.0064750244			
GOT1_8739	24401	got1	0.04576338928856914	0.3083118750956021	1.0506815	1.0506815	1.0017351	1.0469122	1.017338	1.0184009	1.0218655	1.0174168	1.022301	-1.008256	1.0506815	0.8958752	0.21896155	0.44042286	0.3767214	0.18746719	0.3808021	0.14828299	0.3740677	0.026156971			
GPX1_33050	24404	gpx1	0.04450261780104712	0.3062668150418434	1.355657	1.355657	1.228835	1.355657	1.1904101	1.1358707	1.1607704	1.0863105	1.1070704	-1.1068304	1.2658671	0.015416657	0.10545674	0.030786457	0.06796564	0.044427972	0.47002506	0.43083817	0.34952977	0.009783308			
GPX4_32827	29328	gpx4	0.024164317358034634	0.2252026106289894	-1.0724796	1.0724796	-1.0164477	-1.0724796	-1.0204684	-1.0279437	-1.0097728	-1.0123466	-1.0082515	-1.0185301	-1.0701041	0.17389531	0.18454058	0.3243803	0.30400738	0.5114928	0.4912211	0.43995193	0.16473807	0.0050260224			
GSTM5_32667	64352	gstm5	2.0214271275520516E-4	0.0413744171903507	-1.9958626	1.9958626	1.0379561	1.1158614	1.1369036	1.1014283	-1.0141764	1.0337907	-1.0715145	-1.1158316	-1.9958626	0.5881103	0.17401025	0.07963893	0.20711994	0.8135747	0.760407	0.47300214	0.12870227	0.035228446			
GSTP1_8762	24426	gstp1	7.980845969672786E-4	0.06560064282844516	-1.0692328	1.0692328	-1.0368973	-1.028195	-1.0243626	-1.0459893	-1.0448953	-1.0455976	-1.0136226	-1.0692328	-1.0472995	0.07273239	0.046789937	0.06887254	0.0010698176	0.01202687	0.040370014	0.2687552	8.9037865E-5	0.020799609			
H2AFZ_33045	58940	h2az1	7.995202878273036E-4	0.06560064282844516	-1.0356065	1.0356065	-1.0136192	-1.0108616	-1.0113747	1.0019814	1.0117755	-1.0169095	1.0009958	1.0018812	-1.0356065	0.13111	0.3247701	0.17130567	0.73441076	0.11677325	0.0012759987	0.7910038	0.78267366	0.06007198			
HADHB_8777	171155	hadhb	0.03679525222551929	0.2849155443878713	1.0722681	1.0722681	1.0370327	1.0712025	1.0453185	1.0370641	1.0145923	1.0260187	1.0054011	-1.008756	1.0722681	0.072275296	0.14533643	0.08854821	0.15864547	0.5354842	0.43424588	0.87488323	0.7141616	0.0068678423			
HAT1_8780	296501	hat1	0.003996802557953637	0.10915897847305792	1.0795835	1.0795835	1.018473	-1.0075786	1.0089222	1.0022006	1.0094144	1.0122354	-1.013808	1.003754	1.0795835	0.50175834	0.695609	0.73334235	0.9204642	0.7267857	0.6882247	0.5254488	0.8628746	4.1106652E-4			
HDAC2_8785	84577	hdac2	0.02743594916280008	0.24668181604085887	-1.0281209	1.0281209	-1.0232509	-1.0281209	-1.0026274	-1.0110195	-1.0099895	-1.0111597	1.0042965	-1.0122752	-1.0224751	0.0026958957	0.055676527	0.60463387	0.16770677	0.2838366	0.18952204	0.7053506	0.08170683	0.057999536			
HDAC6_8786	108348065	hdac6	0.005555555555555556	0.12600321027287317	1.435354	1.435354	1.2245497	1.2474742	1.1939569	1.2163053	1.1062765	1.1547482	-1.0489079	-1.1300548	1.435354	0.09252614	0.22483453	0.23928814	0.07349438	0.41014895	0.25114375	0.6760266	0.44313484	0.0071053784			
HEATR1_8791	361262	heatr1	0.001388062661114416	0.08175445623873423	1.0607306	1.0607306	-1.0080069	1.0149093	1.0099934	1.0003285	1.000667	1.0032601	1.0214777	-1.0090215	1.0607306	0.5995466	0.58734035	0.44668293	0.98937374	0.96969336	0.8644999	0.20448142	0.47996145	0.0055278153			
HIF1A_8801	29560	hif1a	0.014143426294820717	0.1742777754699825	1.0463017	1.0463017	1.0243787	1.0168465	1.0107198	1.0152688	1.0009623	1.0070354	1.0079751	-1.0297695	1.0463017	0.20692049	0.39045933	0.45337132	0.43975493	0.95403206	0.69377744	0.56786615	0.13018717	0.0144512765			
HIST1H2BF_33070	306969;306945	h2bc8;hist1h2bq	0.0052125100240577385	0.1222842868862281	-1.0483161	1.0483161	-1.0173868	-1.0322148	-1.0053754	-1.0101402	-1.0031042	-1.0056493	-1.0085746	-1.0084567	-1.0483161	0.20345116	0.25793517	0.63702905	0.3833527	0.6664755	0.645736	0.22846104	0.25083235	0.0058945334			
HIST1H4A_32934	102551184	h4cl2	0.004580760804620594	0.1163493330293011	1.1198149	1.1198149	1.027996	-1.0188389	1.0227692	1.0001634	1.0022238	1.025736	-1.0271411	1.0015345	1.1198149	0.5075835	0.5075154	0.62479085	0.99637026	0.9541269	0.5314398	0.45802265	0.9636871	0.0017711151			
HIST2H3C2_32796	310678	hist2h3c2	0.0010050251256281408	0.07162559571018481	1.0268257	1.0268257	-1.0071857	-1.0021598	1.005103	1.0054603	1.0019516	1.0013661	-1.0070809	-1.0009121	1.0268257	0.21344261	0.28143385	0.5471369	0.18647385	0.76943743	0.75683206	0.2632889	0.86660796	0.016829088			
HMG20B_8806	362825	hmg20b	0.047400916152160924	0.3083118750956021	-1.0669895	1.0669895	-1.0121039	1.0051465	-1.0064342	-1.0065316	-1.0237161	-1.0240705	1.006138	-1.0669895	-1.0364132	0.61751026	0.78580844	0.65465814	0.6078367	0.35342118	0.10968883	0.8465891	0.030346027	0.10360446			
HSD17B10_8831	63864	hsd17b10	0.018192722910835665	0.18944565031130406	1.038015	1.038015	1.0062909	-1.012565	-1.0054945	-1.0022495	-1.0061299	1.0114577	-1.007907	-1.0041792	1.038015	0.73606265	0.37014103	0.7888258	0.8761267	0.66718405	0.41271806	0.6468604	0.6822276	0.0433242			
HSD3B_8835	360348;682974	hsd3b1;hsd3b3	1.996007984031936E-4	0.0413744171903507	-1.256446	1.256446	1.0011029	-1.002459	-1.0094117	-1.0003375	1.0141122	1.0390248	1.0165063	1.0111778	-1.256446	0.9494393	0.89248097	0.51925784	0.98206687	0.4235788	0.37673587	0.37784752	0.47922993	3.8524764E-4			
HSDL2_8837	313200	hsdl2	1.984914648670107E-4	0.0413744171903507	-1.0657934	1.0657934	-1.0147569	-1.0140109	-1.0093855	-1.0199033	-1.0051671	1.0023521	-1.0059046	-1.0228121	-1.0657934	0.28490382	0.38760716	0.60308456	0.12103653	0.7957743	0.85890615	0.67027044	0.14534242	0.0063370597			
HSPA1A_8841	24472	hspa1a	0.022052927024859663	0.21394129979035642	-1.1220615	1.1220615	1.0986996	1.0291836	1.0021298	1.0121794	-1.0014913	1.0509568	-1.0460209	-1.1220615	-1.0424168	0.038405485	0.49856585	0.96111953	0.7023781	0.97104126	0.35172278	0.5526189	0.05935858	0.33378825			
HSPA1L_33069	24963	hspa1l	0.0025979216626698643	0.09523689877961233	-1.3657464	1.3657464	-1.0579422	1.0329801	-1.0451435	1.0401936	1.0115702	-1.0004169	-1.0462679	-1.0518695	-1.3657464	0.40282527	0.68092483	0.6223145	0.58758307	0.89303344	0.9942366	0.63444597	0.4107835	0.023273418			
HSPA2_32402	60460	hspa2	3.9690414764834294E-4	0.052162134532815374	-1.1458879	1.1458879	-1.0619211	1.04119	-1.016407	1.0007746	-1.0030035	-1.0025251	1.0370489	-1.0407387	-1.1458879	0.047767464	0.19386117	0.5634649	0.9883125	0.91226953	0.9356268	0.3816445	0.14901271	0.001948909			
HSPA8_8845	688655;688932;689955;680121;24468	hspa8-ps22;hspa8-ps23;hspa8-ps25;haus8l2;hspa8	0.0024125452352231603	0.09523689877961233	1.040573	1.040573	1.0186914	1.0060196	1.011129	1.0094283	1.0038785	1.0202423	1.0012563	1.0058591	1.040573	0.13132967	0.557116	0.31856498	0.09808427	0.64245135	0.16885594	0.8543299	0.39388973	0.01691344			
HSPD1_8849	63868	hspd1	0.005002000800320128	0.1195233588816221	-1.0656514	1.0656514	-1.0210447	1.0316789	-1.0050685	1.0083605	1.004331	-1.0167178	1.0226842	-1.0015913	-1.0656514	0.10664157	0.22743858	0.82298905	0.6820821	0.8189173	0.32950774	0.22585462	0.9025334	0.022744508			
HTRA1_8856	65164	htra1	0.03763440860215054	0.2849155443878713	1.0846653	1.0846653	1.0846653	1.0060178	-1.0555965	1.0259523	-1.0053296	1.027577	1.0178533	-1.0683093	1.0018244	0.039815743	0.76629597	0.02775127	0.26224428	0.87336075	0.2871464	0.6656189	0.07246328	0.9526457			
HYOU1_8857	192235	hyou1	0.04682207611077904	0.3083118750956021	1.1649953	1.1649953	1.0540085	1.0981458	1.0443335	1.0893471	1.0123758	1.0360141	1.0689843	-1.0027846	1.1649953	0.46085244	0.38519505	0.48189974	0.13128582	0.8613596	0.6381236	0.21111622	0.9618257	0.0033018498			
IDH2_33002	361596	idh2	0.019904458598726114	0.2011138613861386	1.1822709	1.1822709	1.0945989	1.1343176	1.0811768	1.067805	1.0215104	1.0706855	1.0389374	-1.0491905	1.1822709	0.07107304	0.25339755	0.19049081	0.2775654	0.6305506	0.20714457	0.562273	0.48592758	0.0045795385			
IGF2R_8879	25151	igf2r	0.002997002997002997	0.09544072948328267	1.1284423	1.1284423	1.0501896	1.1111133	1.058834	1.064504	1.0050155	1.0583609	1.054931	-1.0211611	1.1284423	0.21910141	0.066385776	0.122767806	0.09890233	0.8662065	0.13971792	0.15839328	0.2979435	0.0069297934			
IKBKB_8889	84351	ikbkb	0.027711323763955343	0.24713268484139278	-1.086656	1.086656	-1.008785	1.0446979	-1.0332369	1.0042619	-1.0306337	-1.0073018	1.0032196	-1.0136755	-1.086656	0.79020834	0.42215395	0.2549112	0.891941	0.3380856	0.8027166	0.9304179	0.577156	0.08824304			
IL1B_8892	24494	il1b	0.008992805755395683	0.14040117968195423	-1.1056961	1.1056961	-1.0316619	-1.0818644	-1.0776159	-1.0680155	-1.0523082	-1.0471089	-1.0294769	-1.0425512	-1.1056961	0.15031455	0.15059565	0.02698557	0.049031954	0.07591001	0.05296334	0.45018372	0.119475916	0.02294926			
IMPDH2_8901	301005	impdh2	0.01763423816128393	0.18842070557204088	-1.0686702	1.0686702	-1.0279945	-1.014242	-1.0196346	-1.002742	1.011424	-1.0216621	1.007467	1.0042442	-1.0686702	0.057832304	0.63374794	0.53885806	0.86344314	0.54017764	0.25360563	0.58382255	0.78937954	0.10037303			
ITGB1BP1_8926	298914	itgb1bp1	0.007886435331230283	0.13913814113215905	-1.0695293	1.0695293	1.008682	1.0151097	1.0421331	1.0174975	1.0049304	-1.0287323	-1.0012592	-1.0236375	-1.0695293	0.59895205	0.37816593	0.2874503	0.4267018	0.8167979	0.46392882	0.9708609	0.2226552	0.02393613			
JMJD6_8937	360665	jmjd6	0.016823552974163828	0.18424695221555445	1.1110467	1.1110467	-1.0535918	1.0500711	-1.0519592	1.079612	1.0210378	1.0673614	1.0151807	1.0003352	1.1110467	0.4694848	0.20457225	0.3218404	0.14614184	0.7389482	0.14564961	0.7439682	0.9944376	0.031502947			
KAT3_32958	541589	kyat3	0.04066022544283414	0.2932421205965529	-1.1148155	1.1148155	-1.0065615	-1.070846	1.0331198	-1.0600394	-1.048021	-1.0499661	-1.0815053	-1.0722685	-1.1148155	0.91522664	0.31579623	0.6442292	0.3408702	0.42074862	0.43226945	0.18299183	0.26662114	0.08577984			
KIF20A_8961	361308	kif20a	0.044897959183673466	0.3064773735581189	1.0377077	1.0377077	-1.0102173	1.0263175	1.0155456	1.0317659	-1.007655	1.0084022	-1.0231874	-1.0166717	1.0377077	0.5225275	0.20573892	0.4822965	0.053261623	0.45951214	0.57534117	0.40901956	0.44052428	0.045867015			
KIF20B_8962	309523	kif20b	0.016168148746968473	0.18236789865088898	-1.0652599	1.0652599	-1.0348899	-1.0216601	-1.0144602	-1.017459	-1.0024806	-1.0111495	1.035903	-1.0313829	-1.0652599	0.12564163	0.47936144	0.50690824	0.29870936	0.89245033	0.5822321	0.06438229	0.16334611	0.024285108			
KIF22_8963	293502	kif22	0.04668794892258579	0.3083118750956021	1.0844523	1.0844523	1.0165035	1.0844523	1.0365944	1.0554683	1.0295922	1.0301361	1.0187534	-1.000299	1.0834879	0.29754397	0.21881424	0.18824926	0.16579697	0.22025895	0.15686698	0.5425909	0.98922867	0.014140366			
KIF23_32798	315740	kif23	0.01004530234390388	0.14512560012742043	1.1720817	1.1720817	1.0969993	1.1252601	1.0910739	1.1057037	1.0379281	1.0611123	1.0565938	1.0158234	1.1720817	0.003280606	0.18818521	0.10817817	0.123480156	0.42491132	0.27761057	0.32771486	0.74818194	0.0012070863			
KLHDC2_8970	299113	klhdc2	0.0042228031369394734	0.11340448950649296	-1.1283325	1.1283325	-1.0392745	-1.0367925	-1.0471039	-1.0569737	1.0167214	-1.0515834	1.0290105	-1.01261	-1.1283325	0.1753915	0.048349585	0.35683137	0.08496571	0.5069607	0.1411426	0.12298157	0.68441325	0.048500415			
KLHL9_8972	313348	klhl9	0.03701480592236895	0.2849155443878713	1.0570428	1.0570428	1.0256648	1.0570428	1.0345788	1.0009918	1.0046283	1.0550269	1.0355514	-1.0291255	-1.0343764	0.013565946	0.056408517	0.19631334	0.9759984	0.8542006	0.08611536	0.17064269	0.30561215	0.06894537			
KLKB1_32603	25048	klkb1	0.04399921429974465	0.30545032784278514	2.2381988	2.2381988	-1.1177149	1.2163	1.1919565	1.1363093	1.2088766	1.4245661	2.2381988	1.7062302	1.8679527	0.81585974	0.6375638	0.7247845	0.7664781	0.61598927	0.47128892	0.014306793	0.20037515	0.10848393	10.0	30.0	
KNG1L1_32433	288001	kng1	0.008366533864541833	0.14040117968195423	-1.9620073	1.9620073	-1.9620073	1.520906	1.045633	1.0581018	1.3262625	1.1145118	1.7945029	1.4535323	1.5337222	0.11533749	0.20847246	0.87316144	0.76714003	0.2667956	0.6023509	0.010798985	0.099086456	0.01879696			
KPNB1_32711	24917	kpnb1	0.005879967558799676	0.12609610735159046	-1.0660076	1.0660076	-1.0111591	1.0332901	1.0004674	-1.0002321	1.0041767	-1.0112511	1.0300169	-1.0126308	-1.0660076	0.35092562	0.059220504	0.98618996	0.99401486	0.8435433	0.44818166	0.210505	0.22296016	0.03215546			
KRT18_8977	294853	krt18	0.015940274414850686	0.1817547490542472	-1.0796809	1.0796809	1.0089854	-1.0399771	-1.0327764	-1.024055	-1.04179	-1.011681	-1.0229155	-1.0796809	-1.0270885	0.7852579	0.12170484	0.11531739	0.17487068	0.055383697	0.5941098	0.3073575	0.0074017784	0.13092221			
KRT7_33211	300242	krt7	0.04235764235764236	0.2981101656963726	-1.0507044	1.0507044	-1.006177	-1.0157936	-1.0159746	-1.0087172	-1.0381143	-1.0216651	-1.0063181	-1.0507044	-1.0378362	0.59993684	0.2737881	0.28399366	0.49457416	0.056713413	0.461816	0.7973434	0.007997886	0.079510264			
KRT8_8978	25626	krt8	0.04779774837053131	0.3083118750956021	1.0515691	1.0515691	1.0207391	1.0281745	1.0045228	1.0066792	-1.0309701	1.0255096	-1.0060325	-1.034669	1.0515691	0.31648237	0.2219918	0.85805213	0.6820373	0.21077637	0.3224635	0.8009757	0.14125676	0.050568864			
LAMB1_32926	298941	lamb1	6.061830672863204E-4	0.06511682317533579	-1.2479638	1.2479638	1.0814967	1.0076549	-1.0702734	1.0178592	-1.015533	-1.1156003	1.0173901	-1.1046154	-1.2479638	0.063208036	0.8730821	0.23159875	0.75049406	0.8010411	0.08371158	0.71051216	0.16365102	0.016914772			
LAMP3_32979	303801	lamp3	0.0030205396697543293	0.09544072948328267	-2.2115257	2.2115257	-1.097159	-1.0886104	-1.0690404	-1.0957708	-1.439736	-1.0406235	-1.1687171	-1.4590284	-2.2115257	0.5748112	0.5070938	0.73279124	0.35186878	0.12160431	0.7391452	0.4183166	0.16882919	1.4949529E-4	100.0	300.0	
LAP3_8984	289668	lap3	0.029529130087789304	0.2556920449432074	-1.0343583	1.0343583	-1.0145789	-1.0108993	-1.0089241	-1.0160667	-1.0107102	-1.0053782	1.0168599	-1.0179753	-1.0343583	0.3001929	0.42205006	0.44423836	0.06787691	0.46999303	0.7164501	0.100514084	0.13361603	0.061343268			
LIPA_9004	25055	lipa	0.030116901129383793	0.258747680310265	1.155157	1.155157	1.0814843	1.1536291	1.0922614	1.0851363	1.0553755	1.0579323	1.0352027	1.0117658	1.155157	0.04729531	0.15146895	0.08678624	0.25729188	0.25369474	0.35705563	0.53341657	0.8167981	0.005997528			
LOC100910973_9069	100910973	loc100910973	0.012607564538723234	0.1670911637891826	-1.0403502	1.0403502	1.0059863	-1.0235226	-1.0224822	-1.024172	-1.0106084	-1.0007844	-1.0161549	-1.0088828	-1.0403502	0.72277904	0.2948318	0.150308	0.068233125	0.37689394	0.954675	0.14289707	0.5408007	0.036737062			
LOC100912247_9104	100912216	prcd	0.006654922685457036	0.1318708466118234	1.140726	1.140726	1.0365489	-1.0046899	1.0416528	1.0329686	-1.0195775	1.0139151	-1.0143346	1.0007411	1.140726	0.59366465	0.88041687	0.4774408	0.31865066	0.6433874	0.7410093	0.7715816	0.98107195	4.851966E-4			
LOC102549726_32764	102549726	loc102549726	0.005585477757829643	0.12600321027287317	-1.0477825	1.0477825	-1.0150044	1.0048504	-1.0168688	1.0123357	-1.0035282	-1.0046245	1.0196292	-1.0013516	-1.0477825	0.15411007	0.6638974	0.3438592	0.37393883	0.8114183	0.79714596	0.06683986	0.8543906	0.029859144			
LOC501110_33182	501110	gsta6	0.0026130653266331657	0.09523689877961233	-1.1194122	1.1194122	-1.0385606	1.0648052	1.0045643	-1.010214	1.0586066	-1.0320024	1.0422497	-1.002597	-1.1194122	0.2111656	0.0073729623	0.91468847	0.7079214	0.035054326	0.1470356	0.09421809	0.90613866	0.091371186			
LOC606294_9128	606294	kifbp	0.03760886777513856	0.2849155443878713	-1.0768787	1.0768787	-1.0215942	1.0353276	-1.0018784	-1.0030102	1.0100873	1.0036359	1.038078	-1.0459826	-1.0768787	0.32121468	0.39001232	0.9608422	0.9306595	0.78138494	0.87853456	0.20544171	0.055152047	0.070032515			
LSM3_33166	297455	lsm3	0.0019904458598726115	0.09232954545454544	-1.0817068	1.0817068	-1.0132014	1.0012758	-1.0148059	-1.0042841	1.0130441	-1.00847	1.0132675	1.000334	-1.0817068	0.5102513	0.9396307	0.5899193	0.7270896	0.31138098	0.62827057	0.22102657	0.980202	0.0058196755			
LSP1_32853	361680	lsp1	0.012069647803719826	0.16206678399600108	-1.0363873	1.0363873	-1.028969	-1.0206567	-1.0224233	-1.0269315	-1.0215153	-1.0151889	-1.0079304	-1.0224102	-1.0363873	0.086863324	0.15825327	0.06961986	0.010777397	0.17235632	0.3035549	0.639456	0.025951985	0.033634216			
LYPD8_32327	691259	lypd8	0.0070657507360157015	0.1334837559882932	-1.5590999	1.5590999	-1.5590999	-1.2763653	-1.203469	-1.0943809	-1.1333096	-1.0616932	-1.1478884	-1.1596737	-1.5430415	0.012523323	0.15704146	0.19133963	0.4820463	0.43281272	0.6289532	0.31676987	0.38967595	0.01331295			
MAFK_9173	246760	mafk	0.02021379980563654	0.2032333271098728	-1.1960183	1.1960183	-1.0578259	-1.1164699	-1.0398636	-1.0980698	-1.0952929	-1.0534179	1.0065758	-1.1162544	-1.1960183	0.48853055	0.11451394	0.55574036	0.21760993	0.31437132	0.37906343	0.9252504	0.12568948	0.064096354			
MAP2K5_9180	29568	map2k5	0.04792079207920792	0.3083118750956021	1.0866394	1.0866394	-1.0056399	1.0866394	1.029942	1.0336071	1.0281634	1.0218753	1.0356808	1.0028429	-1.0479105	0.7984533	0.1280988	0.33499223	0.47288445	0.23425935	0.34746563	0.19593348	0.8903153	0.2794845			
MARCKSL1_32320	103689966;81520	loc103689966;marcksl1	0.013360323886639677	0.17149950347567033	-1.0505096	1.0505096	-1.0360302	-1.0238397	-1.0237392	-1.0345811	-1.0454012	-1.0259647	-1.0182124	-1.0298578	-1.0505096	0.057349056	0.076015085	0.15389676	0.13561304	0.036387138	0.07933059	0.39975107	0.06694872	0.045094725			
MAST2_9198	313819	mast2	0.031530632608261826	0.2634252008960684	1.4472985	1.4472985	1.0481161	1.240874	1.4472985	1.2086357	1.3350762	1.1803312	1.3553671	1.0152372	1.3544662	0.8339379	0.19921188	0.017569626	0.14282057	0.04446756	0.22108842	0.1092882	0.9023209	0.023152368			
MCCC1_32646	294972	mccc1	9.98402555910543E-4	0.07162559571018481	1.1731254	1.1731254	1.0513568	1.1057007	1.0891798	1.0815766	1.0393363	1.0317641	1.0164067	1.0094395	1.1731254	0.15672515	0.101147875	0.022131292	0.012458089	0.288974	0.59363055	0.7603348	0.7917685	9.8664794E-5			
MCL1_9205	60430	mcl1	0.0025953284088640447	0.09523689877961233	-1.0487527	1.0487527	-1.0119145	1.0164386	-1.0069344	-1.0018898	-1.0024605	-1.0063683	1.0065886	-1.0126699	-1.0487527	0.06360818	0.14528042	0.70581675	0.9047384	0.87618595	0.5308856	0.678379	0.14899711	0.00870571			
MCM10_32579	307126	mcm10	0.01444972288202692	0.1742777754699825	-1.0918459	1.0918459	-1.0212367	-1.0088717	-1.0088425	-1.0103545	1.0003501	-1.039343	1.0086514	-1.0205871	-1.0918459	0.31346753	0.6633906	0.80311084	0.7089845	0.98932225	0.33345553	0.74968296	0.480201	0.05580975			
MCM2_9206	312538	mcm2	0.034157122764717704	0.2744672738692474	1.0482837	1.0482837	1.0062349	1.0359702	1.0081059	1.0185626	1.0011812	1.0045173	1.0145947	-1.0045103	1.0482837	0.6715497	0.32488915	0.6089072	0.36106735	0.94150865	0.6789561	0.16138452	0.75346833	0.003343849			
MCM3_9207	316273	mcm3	0.009798040391921616	0.14491159739066678	1.0595437	1.0595437	1.0018593	1.0311006	1.0240086	1.0136063	-1.0092683	1.0078626	1.0084075	-1.0129328	1.0595437	0.9205037	0.35304257	0.17153186	0.5154676	0.58310914	0.6019371	0.44182315	0.39586914	0.0050062			
ME1_9215	24552	me1	0.003997601439136518	0.10915897847305792	-1.1650572	1.1650572	1.0266937	-1.0243486	-1.1008674	1.0249306	-1.0368671	-1.0132648	1.0208167	-1.090856	-1.1650572	0.6269181	0.5667431	0.16441803	0.5690596	0.33352247	0.7743426	0.5897622	0.07581365	0.011342163			
MGC108823_9225	307414	ifgga2l1	0.0022172949002217295	0.09278729717889586	-1.063883	1.063883	-1.0089295	-1.0173519	-1.0225958	-1.0194272	-1.0168328	-1.0120388	1.001579	-1.0131958	-1.063883	0.58929306	0.4001931	0.29027113	0.17076257	0.34423444	0.4611195	0.93127275	0.22001633	0.005964648			
MLF1_32449	310483	mlf1	7.955449482895784E-4	0.06560064282844516	-1.1050305	1.1050305	-1.0199429	1.0349402	1.0046912	1.0731376	1.0333441	1.0214034	1.0694591	1.0256802	-1.1050305	0.51216054	0.25493175	0.8685503	0.12936796	0.16379963	0.39912623	0.015590105	0.37556168	0.012311604			
MMS22L_33129	313108	mms22l	0.016351457840819542	0.18236789865088898	1.1688552	1.1688552	1.0738999	1.1224577	1.063633	1.046135	1.0723873	1.0378497	1.0294596	1.0007807	1.1688552	0.09696798	0.2481684	0.38620755	0.45653608	0.15662576	0.50076926	0.61511487	0.98789966	0.0014327079			
MPZL1_9243	360871	mpzl1	0.02524850894632207	0.23212705747497003	-1.4980868	1.4980868	-1.4669856	-1.1462373	-1.4980868	-1.3184094	-1.0315824	-1.0805944	-1.0604094	-1.2380781	-1.3740578	0.07322121	0.19695605	0.016712753	0.088218465	0.6549318	0.17458436	0.5390659	0.08090745	0.02658928			
MRPL12_9245	303746	mrpl12	0.04462355022606644	0.3062668150418434	-1.0182828	1.0182828	-1.0131525	-1.0165389	1.0012358	-1.0133384	-1.0137845	-1.0093226	-1.0117105	-1.0106448	-1.0182828	0.15745758	0.009001717	0.8173517	0.17328364	0.18293874	0.17238967	0.2894978	0.10649999	0.06043377			
MS4A1_34110	309217	ms4a1	0.014311270125223614	0.1742777754699825	-1.1370236	1.1370236	1.0861393	-1.0971584	-1.0645763	-1.0821097	-1.1118753	1.0149708	-1.0586069	1.0179844	-1.1370236	0.07179537	0.23179863	0.37498716	0.10531267	0.020344548	0.7744581	0.46959767	0.6628213	0.050830666			
MYCBP2_9273	290447	mycbp2	0.007109486085720089	0.1334837559882932	-1.1886126	1.1886126	-1.0355998	1.0599357	-1.0165952	1.0486895	1.0057939	-1.0147926	1.079285	1.0303694	-1.1886126	0.33589402	0.14663479	0.85200727	0.3507671	0.88894266	0.7176409	0.059298445	0.2841742	0.07025095			
MYL2_32406	363925	myl2	0.0010177081213108082	0.07162559571018481	1.5426706	1.5426706	1.0265727	-1.1228591	-1.2228853	1.1697847	1.1413106	-1.1140617	-1.2244781	-1.0882441	1.5426706	0.8394707	0.40523317	0.20463131	0.4566925	0.241748	0.43843532	0.019644925	0.60562325	4.3387763E-6			
NCAPD2_9284	362438	ncapd2	0.012848825537040755	0.16919001884580762	1.2174418	1.2174418	1.0840315	1.1978848	1.1399156	1.1463122	1.0520793	1.0882024	1.0831493	1.0313435	1.2174418	0.12677881	0.16782402	0.032111835	0.07038442	0.19086736	0.031972103	0.006471842	0.5792349	0.021450443			
NIT1_9319	289222	nit1	0.0011978438810141745	0.07899065348220678	-1.2027401	1.2027401	-1.101646	-1.0515136	-1.0271752	-1.0445346	-1.0454365	-1.0526421	-1.0583179	-1.0334134	-1.2027401	0.025141917	0.017789071	0.5961295	0.106269225	0.2792436	0.32107532	0.3259168	0.4822217	0.0077183954			
NIT2_9320	288174	nit2	0.004601840736294518	0.1163493330293011	1.1769533	1.1769533	1.0673937	1.0774968	1.0433583	1.035024	1.0259784	1.016798	1.0437925	-1.0806872	1.1769533	0.16447048	0.22511338	0.4801703	0.63141024	0.5421139	0.7989727	0.399704	0.2996374	0.004593238			
NMT1_9325	259274	nmt1	0.008113991688106075	0.14034455114766525	-1.0344199	1.0344199	1.0146255	-1.0041504	1.0182916	-1.0041997	-1.010645	1.003783	-1.0022899	-1.0212319	-1.0344199	0.19721366	0.7064623	0.16540211	0.72207075	0.5593307	0.82154804	0.8960925	0.068839595	0.08943391			
NOC2L_9327	313777	noc2l	0.016530571599283013	0.1823724142385764	1.0718676	1.0718676	1.007898	1.0110899	1.0067601	-1.0007051	-1.0061805	-1.008709	-1.0117612	-1.044178	1.0718676	0.75011843	0.7935072	0.8127559	0.97663826	0.7117657	0.7190841	0.58730364	0.04653197	0.024089137			
NOP58_9344	60373	nop58	0.03055276381909548	0.258747680310265	-1.0607276	1.0607276	-1.0354211	-1.0159271	-1.0307438	-1.0048378	-1.0089067	-1.0141442	1.0332799	-1.0002791	-1.0607276	0.090340786	0.56711704	0.23654485	0.672992	0.576355	0.40425622	0.14168102	0.9874348	0.14470619			
NOX4_9349	85431	nox4	0.04868839427662957	0.3091332637360712	2.160655	2.160655	1.3966963	1.6918505	1.669788	1.2053639	1.5492934	1.2102334	2.160655	1.6276826	2.1146681	0.5197791	0.16234317	0.21113783	0.7072737	0.25234562	0.6217067	0.2434025	0.21116179	0.024844395	100.0	300.0	
NR3C1_9361	24413	nr3c1	0.041084962106102914	0.29422599178440717	1.0379895	1.0379895	1.0379895	1.0052242	1.0313187	1.0188922	1.0189798	1.0318991	1.0131724	1.0130471	1.0313808	0.035452086	0.6916588	0.009839975	0.15943593	0.060756933	0.022924935	0.4045934	0.4034766	0.05263597			
NS5ATP9_9367	300795	pclaf	0.0011997600479904018	0.07899065348220678	1.1061869	1.1061869	1.0173932	1.0304441	1.0047146	1.0223362	1.1061869	1.0105586	1.0310423	1.0645759	-1.0998322	0.68554235	0.13417666	0.8954628	0.32291085	0.008295045	0.7148289	0.36894053	0.09473622	0.030810438			
NUP153_9379	25281	nup153	0.03849931251227657	0.2857348975911145	1.0965515	1.0965515	1.0549617	1.0841831	1.0271373	1.0273525	1.0268885	1.0288948	1.0148832	-1.0091498	1.0965515	0.12735464	0.17837365	0.43434685	0.3800048	0.31505325	0.60818815	0.76172787	0.8164318	0.003533424			
NUP85_9382	287830	nup85	0.017412431666329217	0.18812734010971896	1.0339752	1.0339752	-1.0303524	1.0295081	-1.002612	1.0072411	1.0044793	-1.0109768	1.0088869	-1.0047644	1.0339752	0.06779826	0.31723797	0.8153967	0.675161	0.590626	0.31542033	0.44085836	0.7998983	0.046629988			
NUSAP1_9385	311336	nusap1	0.04937272359368677	0.31198058468951917	1.1284397	1.1284397	1.0693127	1.1134318	1.0770937	1.0557019	1.0402775	1.0740767	1.0497172	1.0205685	1.1284397	0.037956677	0.30882552	0.1377563	0.29110536	0.1988164	0.12109462	0.19431953	0.51612943	0.021151325			
ORM1_9400	24614	orm1	0.03292755936938735	0.26886196603077944	-1.1882966	1.1882966	-1.0271062	-1.0150889	-1.0856812	-1.1882966	1.0130247	-1.0120734	1.0400207	-1.0721185	1.1503906	0.70786685	0.8493596	0.40398028	0.09690131	0.88861907	0.87275875	0.6017551	0.23913518	0.12777522			
OSTF1_33042	259275	ostf1	0.004621257785814748	0.1163493330293011	-1.0451943	1.0451943	1.0013299	-1.0451943	-1.0257236	-1.0280085	-1.0094817	-1.0099417	-1.0189044	-1.0301849	-1.042399	0.8961357	0.07935351	0.049864937	0.02477673	0.23585996	0.11456403	0.042897034	0.006219273	0.032542508			
OXA1L_9402	691393	oxa1l	0.021285140562248995	0.21118402878442238	1.1140003	1.1140003	1.0317426	1.0685773	1.0316644	1.0131088	-1.0079681	1.0190847	1.0019892	-1.009572	1.1140003	0.40726185	0.39764497	0.46139985	0.69886136	0.743967	0.5793433	0.9149013	0.6387903	0.0036140806			
PAFAH1B1_9413	83572	pafah1b1	0.004750593824228029	0.1163493330293011	1.0824251	1.0824251	1.0252818	1.0123935	1.0208932	1.0127078	-1.008054	1.0227757	1.0113719	-1.0105045	1.0824251	0.36390862	0.6583314	0.54324293	0.5129874	0.6449837	0.38923118	0.39419603	0.61812735	0.007689905			
PAK1_9416	29431	pak1	0.030266825965750695	0.258747680310265	-1.18802	1.18802	-1.096144	1.0063792	-1.071984	-1.0665255	-1.0447304	-1.18802	-1.0030395	1.0070941	-1.1855017	0.16030884	0.9308784	0.29076576	0.25434405	0.6179459	0.014359344	0.97023433	0.8880274	0.049316432			
PARP1_9425	25591	parp1	0.01501200960768615	0.17608914717981283	1.0943351	1.0943351	1.0468302	1.0752628	1.0363163	1.0537097	1.0144958	1.0358566	1.0101252	-1.0023124	1.0943351	0.09985516	0.18121974	0.2381709	0.13154458	0.5702768	0.3609354	0.6348957	0.9252785	0.0013278248			
PDK1_32702	116551	pdk1	0.02772826302238067	0.24713268484139278	1.1216056	1.1216056	1.040753	1.0790747	1.0509311	1.0228146	-1.0026082	1.0018584	-1.0187585	-1.0289222	1.1216056	0.26413774	0.29237652	0.090170205	0.60744387	0.90779084	0.97354037	0.71874654	0.4422158	0.016038978			
PEBP1_33087	29542	pebp1	0.005890717042453788	0.12609610735159046	-1.0302212	1.0302212	-1.01241	1.0072995	1.0000341	1.0099264	1.003701	1.0017374	1.0063646	1.000809	-1.0302212	0.2562464	0.44752702	0.99543595	0.24745831	0.37312838	0.74167085	0.3008674	0.9504207	0.0516322			
PFDN4_33123	100366237	pfdn4	0.04055916518999803	0.2932421205965529	-1.0328577	1.0328577	-1.0075556	-1.0328577	-1.0195047	-1.0158297	-1.0096512	-1.0129706	-1.004629	-1.0087657	-1.0300854	0.42023197	0.13277553	0.09686432	0.17756185	0.33345956	0.24588169	0.56845516	0.41692019	0.04170935			
PGAM1_9465	24642	pgam1	0.012397520495900819	0.16538130282440244	1.0381224	1.0381224	1.0336664	1.032507	1.0243747	1.0179095	1.0034384	1.0087492	1.0139425	-1.008156	1.0381224	0.004144642	0.04741211	0.051232543	0.37770694	0.75940937	0.4461859	0.499771	0.5119398	0.0013439156			
PGAM2_32589	24959	pgam2	2.002002002002002E-4	0.0413744171903507	-1.7206726	1.7206726	-1.0404323	1.0637697	1.0408812	1.1981831	1.2041016	1.1197468	1.0978014	1.0338337	-1.7206726	0.47499943	0.5639194	0.63995904	0.22638214	0.008335936	0.084848456	0.33797944	0.65000504	0.0032326889			
PGM1_9466	24645	pgm1	0.0022039671408535366	0.09278729717889586	1.1311084	1.1311084	-1.0143707	1.0791929	-1.012739	1.0594598	-1.0034598	1.0155275	-1.0068117	-1.0053375	1.1311084	0.7496066	0.1168355	0.7019965	0.2429506	0.9066421	0.69343406	0.8497688	0.9154456	0.002566237			
PIK3C2A_9479	361632	pik3c2a	0.047089211206040135	0.3083118750956021	-1.061787	1.061787	-1.0172333	-1.0071993	-1.0409254	-1.0505626	-1.0230703	-1.0230628	-1.0251408	-1.058366	-1.061787	0.5294491	0.75034815	0.16454916	0.11365299	0.25909373	0.45251846	0.19794363	0.14403191	0.05641164			
PIN1_9485	298696	pin1	5.921831819976313E-4	0.06511682317533579	-1.0395849	1.0395849	-1.0201192	-1.017233	-1.0088284	-1.0092933	-1.0130966	-1.0059155	-1.0056317	-1.0183895	-1.0395849	0.034240745	0.1742205	0.29811254	0.2468672	0.012610859	0.5315875	0.53420943	0.06607246	0.013876048			
POLR1E_9523	313245	polr1e	0.014601420678768745	0.1742777754699825	1.2992816	1.2992816	1.0998404	1.1954793	1.0908483	1.0776509	1.0176625	1.013543	1.009588	-1.016309	1.2992816	0.35750133	0.25323054	0.37226436	0.48704925	0.8436583	0.8831095	0.92151403	0.83427495	8.4016274E-4			
POLR2H_32522	498109	polr2h	0.0036452004860267314	0.10915897847305792	1.0280459	1.0280459	1.0165539	-1.008199	1.0047635	-1.0000683	1.001354	1.006393	-1.0105231	1.0009897	1.0280459	0.071802914	0.3870833	0.63011485	0.9928192	0.884823	0.454587	0.25503072	0.8665306	0.008089954			
PPP2CA_32614	24672	ppp2ca	0.002991623454327882	0.09544072948328267	-1.0547527	1.0547527	-1.021803	1.0098897	-1.0060966	1.0048945	1.004914	-1.0107402	1.0137923	-1.008946	-1.0547527	0.027874535	0.30190644	0.7209228	0.73494834	0.72379386	0.48465624	0.38817924	0.356789	0.015569394			
PPP2R3C_9548	362739	ppp2r3c	0.0367574011523942	0.2849155443878713	-1.0345609	1.0345609	1.0006483	-1.0239551	-1.0002835	-1.0116986	-1.0020899	1.0105295	-1.001224	-1.0052435	-1.0345609	0.9559295	0.31964532	0.9810104	0.17570335	0.85665584	0.25849396	0.8670382	0.62026155	0.08596327			
PPP2R5A_9549	312754	ppp2r5a	0.0068040824494696815	0.1334837559882932	-1.0324707	1.0324707	-1.0049351	1.0171727	1.0029463	1.005853	1.0075644	-1.0067953	1.0131884	-1.0020043	-1.0324707	0.2259107	0.043902148	0.84000677	0.6638223	0.26290545	0.4347506	0.15000305	0.7510807	0.085816815			
PRC1_9556	308761	prc1	0.005942947702060222	0.12609610735159046	1.0678912	1.0678912	1.0324136	1.0516559	1.0431731	1.0588081	1.0069488	1.0369656	1.0338377	1.0092171	1.0678912	0.03722352	0.12775408	0.017543832	0.07950665	0.69220805	0.07272072	0.061161175	0.5966733	0.007730312			
PRKAA1_9558	65248	prkaa1	0.010481757710139084	0.14960326913562147	-1.0773307	1.0773307	-1.0284806	1.0213426	-1.031074	-1.0066929	-1.0208057	-1.0377839	1.0087001	-1.0390583	-1.0773307	0.09886176	0.31420064	0.4154421	0.75654024	0.18016568	0.060168054	0.56341904	0.04759479	0.06362691			
PRKAG1_33315	25520	prkag1	0.03979711275848615	0.2911322836561657	1.0860707	1.0860707	1.0062433	1.0860707	1.0050201	1.0382315	-1.0083686	1.0145122	1.0153571	-1.0074542	-1.0321064	0.7770218	0.12268809	0.8279311	0.10259763	0.65145403	0.47712323	0.26144147	0.5245603	0.22288585			
PRLR_9571	24684	prlr	0.034388964445307944	0.2752465742465628	-1.6011302	1.6011302	-1.0722911	1.0935403	-1.0421742	-1.6011302	-1.0171442	1.0357006	-1.0417125	-1.010349	1.1856906	0.6175502	0.543024	0.572244	0.008528713	0.8529532	0.66693634	0.6657409	0.92562103	0.048682686			
PRMT1_32372	100361025;60421	prmt1l1;prmt1	0.008615625611905228	0.14040117968195423	1.0145979	1.0145979	-1.005939	-1.0113388	1.0040675	-1.0040021	-1.0022402	1.0043362	1.0022312	-1.0095706	1.0145979	0.5645864	0.24104594	0.59324557	0.48743358	0.70099604	0.49281034	0.6973194	0.2518211	0.044845656			
PRPF4_9578	298095	prpf4	0.04877065699314793	0.3091332637360712	1.0526108	1.0526108	1.0130529	1.0512933	1.0121261	1.0098535	1.005881	1.007907	1.0177395	-1.0047402	1.0526108	0.50753	0.22814448	0.46737206	0.6899872	0.7808109	0.7233817	0.37683272	0.7572474	0.0070211887			
PSAT1_9583	293820	psat1	0.011478050745066451	0.1593653168073512	1.0963444	1.0963444	1.0508025	1.0921814	1.0358382	1.0434316	1.0236344	1.019794	1.0172817	1.0011283	1.0963444	0.069141835	0.13567942	0.1788702	0.23536736	0.22051394	0.4339275	0.55821085	0.9596568	0.0156195825			
PSIP1_9585	313323	psip1	0.032489535579031295	0.2673836375677535	-1.0204681	1.0204681	-1.0042892	-1.0204681	-1.0071279	-1.0078096	-1.0145189	-1.008556	1.0018237	-1.009915	-1.0192546	0.39775294	0.12840123	0.2585993	0.1144065	0.05981569	0.06884904	0.65144724	0.11069862	0.13703576			
PSMB9_9592	24967	psmb9	0.02141846837744999	0.21118402878442238	-1.0468999	1.0468999	-1.0256695	-1.0350157	-1.0290538	-1.0048681	-1.0027422	-1.0131283	-1.0079887	-1.0085049	-1.0468999	0.092020534	0.1505635	0.15610772	0.63945085	0.7688046	0.30312556	0.7096058	0.4629242	0.114120044			
PSMD10_9594	116722	psmd10	0.014955134596211365	0.17608914717981283	1.1206825	1.1206825	1.0434047	1.0189248	1.0170965	1.0231237	1.0207729	1.0239792	1.0003344	-1.0151829	1.1206825	0.35238877	0.7133983	0.58755183	0.5965299	0.55755347	0.6962117	0.98963845	0.63113964	0.01916312			
PSME2_9604	100362709;29614	loc100362709;psme2	3.934684241589612E-4	0.052162134532815374	-1.150637	1.150637	-1.0266712	-1.0263952	-1.0725065	-1.0782009	-1.0714101	-1.0459672	-1.0238689	-1.0729421	-1.150637	0.48283064	0.33108225	0.056191124	0.044983406	0.10664847	0.18087782	0.62962943	0.022485815	0.01945186			
PTTG1_9623	64193	pttg1	0.006970722963553077	0.1334837559882932	1.1737813	1.1737813	1.0683795	1.1446372	1.1036137	1.0266156	1.0170628	1.0937414	1.0967557	1.0423131	1.1737813	0.15071246	0.09973651	0.13263756	0.6666596	0.7537391	0.105314024	0.0077268155	0.2742013	0.019212049			
PWP1_9626	362856	pwp1	0.048111332007952284	0.3083118750956021	1.1048532	1.1048532	1.0339932	-1.0043802	1.0262208	1.0142351	1.0320708	1.020485	1.0029095	-1.030021	1.1048532	0.47608295	0.9589656	0.49787185	0.7543883	0.28881344	0.5459782	0.92716956	0.5180332	0.0062755714			
RAB5A_9644	100361891;64633	rab5al1;rab5a	0.014297221103503826	0.1742777754699825	-1.0500822	1.0500822	1.001776	1.0051433	-1.0016881	-1.0087416	-1.0046047	-1.0046961	-1.0062891	-1.013621	-1.0500822	0.9082966	0.7200062	0.9233831	0.6309648	0.6675888	0.65548456	0.81340426	0.3460361	0.12541948			
RAD18_9649	362412	rad18	0.03212290502793296	0.26543663628344605	1.1279789	1.1279789	1.0341692	1.0502267	1.0217115	1.0549701	1.0000168	1.0290273	-1.0453765	-1.0248283	1.1279789	0.5121817	0.42856613	0.7086486	0.21968575	0.9997088	0.5078988	0.55837554	0.5767429	0.010458882			
RAMP2_32728	58966	ramp2	0.00660925295413579	0.1318708466118234	-1.2508385	1.2508385	1.0189325	-1.028194	-1.0777733	-1.0757521	-1.0631136	-1.0799953	1.0520215	-1.0299418	-1.2508385	0.7303993	0.68096006	0.29458508	0.3316989	0.3324099	0.29858726	0.43361807	0.67971224	0.08022878			
RAN_9657	84509	ran	0.009483454398708636	0.14128270385229436	-1.0465882	1.0465882	-1.0214262	-1.0025795	-1.0077356	1.0024551	1.0082809	-1.0147072	1.0113397	1.0009936	-1.0465882	0.051580094	0.8711408	0.6854687	0.8404379	0.42553183	0.35856625	0.3040429	0.9176096	0.039898347			
RASSF4_33075	362423	rassf4	0.041417761847869376	0.2950367183291626	-1.100498	1.100498	1.0440181	-1.0353382	-1.0145911	-1.0407181	-1.0380253	1.0435382	-1.100498	-1.0488658	1.0950093	0.51004237	0.57543665	0.790105	0.32219756	0.2780112	0.4019009	0.024532827	0.28615463	0.0081934305			
RBKS_9663	362706	rbks	0.043920942303853065	0.30545032784278514	1.1774727	1.1774727	1.1030122	1.0532242	1.0474261	1.0247582	1.056879	1.1672397	1.0308034	1.0178639	1.1774727	0.14701873	0.6467176	0.62567925	0.7926989	0.4134905	0.07808438	0.68438315	0.8216851	0.027475966			
RBP1_9669	25056	rbp1	0.001960015680125441	0.09232954545454544	-1.2655847	1.2655847	-1.0895253	-1.2114562	-1.1632507	-1.1064456	-1.117404	-1.1787952	-1.1522343	-1.0615617	-1.2655847	0.3319634	0.014393144	0.03653067	0.11541048	0.28170192	0.06518125	0.020058462	0.33308908	0.0023533457			
RFX5_9681	310659	rfx5	0.010096930533117932	0.14512560012742043	1.0948011	1.0948011	1.00665	1.0948011	1.0332054	1.0073434	1.0490417	1.0034003	1.0409194	-1.0136538	-1.066873	0.72871417	0.10796668	0.20404811	0.8713666	0.22729696	0.84973305	0.27782828	0.5554337	0.008368351			
RGD1309995_9688	314690	washc4	0.015588003157063931	0.179746409285692	-1.2106048	1.2106048	-1.1461449	-1.0118417	-1.1022832	-1.0670961	-1.1658382	-1.07457	-1.061581	-1.0881321	-1.2106048	0.07930678	0.7505975	0.05851998	0.33931124	0.20156191	0.11591868	0.35880217	0.17243595	2.6111924E-5			
RGD1562178_32879	24184	ak2	0.001774447949526814	0.08776984604799175	1.1692939	1.1692939	1.0529534	1.0584497	1.0719194	1.0054028	1.0087478	1.0410702	1.0597191	1.0031649	1.1692939	0.100142665	0.45293003	0.22692133	0.8782736	0.76790535	0.16796981	0.018536082	0.940705	0.0049716914			
RGD1565002_9697	299135	dhrs7	0.029565567176186646	0.2556920449432074	-1.0693543	1.0693543	-1.0103865	-1.0208606	-1.0099291	-1.0065207	1.0096438	-1.0079149	1.0005916	-1.0358468	-1.0693543	0.7680583	0.26367837	0.7114994	0.79623514	0.7021902	0.6917522	0.98136145	0.06847766	0.099582516			
RGS10_32464	54290	rgs10	0.028254288597376387	0.24964070574565023	-1.0475094	1.0475094	-1.027864	-1.0337572	-1.0336169	-1.0194254	-1.0061247	-1.0184495	-1.0087434	1.0061002	-1.0475094	0.0020107226	0.34612986	0.03748359	0.11932337	0.41039193	0.2575931	0.5643412	0.6572509	0.03095086			
RNH1_9718	100360501	rnh1	4.048582995951417E-4	0.052162134532815374	-1.1708529	1.1708529	-1.0830255	-1.0007968	-1.0590553	-1.0713768	-1.0002353	-1.0337006	-1.0178485	-1.0691634	-1.1708529	0.029729469	0.9710729	0.17876066	0.02400797	0.9958006	0.33249947	0.64073026	0.08579288	0.00419658			
RPA2_9722	59102	rpa2	0.03049023515344759	0.258747680310265	1.0924108	1.0924108	1.039274	1.0727893	1.0235997	1.0480934	1.0005199	1.0197524	1.0287837	1.0009283	1.0924108	0.19201659	0.2516881	0.4927205	0.17732033	0.988038	0.39002666	0.45966882	0.96898735	0.0020428705			
RPF2_9724	294436	rpf2	0.030534351145038167	0.258747680310265	-1.0471225	1.0471225	1.0151272	-1.0471225	-1.0034665	-1.0044901	-1.00768	1.012545	-1.0037712	1.0026761	1.041871	0.52371323	0.14430618	0.8837206	0.8440986	0.74720246	0.5259748	0.8753026	0.884394	0.03454653			
RPLP0_9739	64205	rplp0	0.013988808952837729	0.1742777754699825	1.0974494	1.0974494	1.0424542	-1.0097324	1.0587318	1.0191724	-1.030869	1.0453063	-1.0065949	1.0169468	1.0974494	0.2829287	0.83488405	0.094556175	0.55093163	0.46414313	0.14107093	0.7625217	0.6375243	0.0031245404			
RPN1_9740	25596	rpn1	0.011842633480529908	0.1607793816449266	-1.0245907	1.0245907	1.0149664	1.006103	1.0025665	-1.0036813	1.0017133	-1.002147	1.0028217	-1.0045401	-1.0245907	0.1748781	0.34106928	0.77190626	0.71659046	0.84050333	0.8398134	0.7142106	0.6135407	0.17186257			
RPS5_9747	25538	rps5	0.034742902521342066	0.2759154243037321	-1.0212123	1.0212123	-1.0019054	-1.0088942	-1.0058758	1.000903	1.0046341	-1.0048327	-1.001308	1.0014019	-1.0212123	0.76571375	0.44482607	0.49524617	0.88359594	0.26858655	0.3268029	0.83845526	0.8256828	0.11331158			
RPS6_32332	29304	rps6	0.001597444089456869	0.08175445623873423	-1.0289497	1.0289497	-1.000126	-1.0010995	-1.0071489	1.003704	1.0048885	-1.0024701	1.0056791	1.0072548	-1.0289497	0.9811852	0.8728929	0.36505955	0.6236929	0.1324014	0.6031441	0.1604812	0.37559193	0.022172712			
RT1-DB1_9761	294270	rt1-db1	0.026717557251908396	0.24235793044953352	1.0860479	1.0860479	1.0592233	1.0352279	-1.0055575	-1.0004351	-1.0365863	1.0336565	-1.0291144	-1.0470024	1.0860479	0.20330793	0.40690577	0.8347075	0.9877801	0.13608937	0.42436057	0.41364112	0.08769938	0.011834823			
RT1-DMB_32359	294273	rt1-dmb	0.04707985697258641	0.3083118750956021	1.1226858	1.1226858	1.0816716	1.0926571	1.0545362	1.0029715	1.0013272	1.0210911	1.0286665	-1.0789679	1.1226858	0.12380344	0.24744888	0.18774113	0.9467165	0.9681404	0.7479446	0.5202086	0.24660596	0.018286316			
RT1-N2_32930	360323	rt1-n2	0.034033014061544735	0.2744672738692474	-1.1830475	1.1830475	-1.085086	1.0307016	-1.1830475	1.0009644	-1.0235935	-1.019715	-1.0821908	-1.0089201	-1.1711965	0.092843235	0.39496395	0.22547117	0.9449103	0.43008143	0.5776947	0.034999084	0.74807334	0.049667645			
RT1-S3_9763	294228	rt1-s3	0.0038422649140546004	0.10915897847305792	-1.1144459	1.1144459	-1.0363786	1.0468199	-1.0175678	-1.0112797	-1.0140485	-1.0069393	-1.0050871	-1.0115185	-1.1144459	0.09432585	0.12340726	0.6925694	0.6718057	0.63786054	0.7654107	0.8888182	0.4659239	0.028494474			
RUVBL1_9768	65137	ruvbl1	0.04600677155945031	0.3083118750956021	1.1296082	1.1296082	1.0505474	1.1296082	1.0767273	1.0750903	1.0831075	1.0607159	1.0398177	1.0123262	1.0910866	0.07701505	0.110449605	0.034742896	0.021218894	0.06304223	0.05586074	0.31965086	0.72641516	0.0045510866			
SAPCD2_9777	680531	sapcd2	0.0029691211401425177	0.09544072948328267	1.2591692	1.2591692	1.1442844	1.1810858	1.188148	1.1470673	1.1217194	1.1052732	1.2033813	1.0813197	1.2591692	0.12352759	0.1385297	0.10216153	0.037399266	0.07868451	0.095781125	0.0064985375	0.23097453	0.0062544295			
SCCPDH_9785	305021	sccpdh	7.941234862021044E-4	0.06560064282844516	-1.0834908	1.0834908	1.0000188	1.0047333	-1.0352529	-1.0075561	-1.0174949	-1.0280389	-1.0136232	-1.0345789	-1.0834908	0.99892765	0.7025515	0.22870992	0.7286073	0.22445588	0.1117643	0.6555162	0.039102767	0.0015829282			
SCD_9786	83792	scd2	0.006353761016601763	0.1288410969010828	-1.174194	1.174194	1.0631688	1.1534876	1.0988202	1.1461853	1.1186159	1.0975981	1.1431297	1.0811194	-1.174194	0.39570898	0.1615668	0.105663575	0.15432598	0.24340916	0.08259653	0.1411066	0.29770875	0.059463162			
SELL_32554	29259	sell	0.036061026352288486	0.2841720261969915	1.0566108	1.0566108	1.0274653	-1.0164441	-1.0234072	1.0065733	-1.0258125	1.016937	-1.025127	-1.0015391	1.0566108	0.45692387	0.51579064	0.44227338	0.75352037	0.18138719	0.6016398	0.19211286	0.9547244	0.042681005			
SERPINE2_32301	29366	serpine2	0.006881635863153756	0.1334837559882932	-1.166303	1.166303	-1.0547838	-1.1184051	-1.1601182	-1.0787911	-1.1288098	-1.0852801	-1.0661399	-1.0695517	-1.166303	0.33753735	0.049217388	0.010816506	0.012795216	0.06255352	0.087937854	0.44105738	0.13598284	0.015130516			
SGOL1_33030	363174	sgo1	1.9817677368212446E-4	0.0413744171903507	1.1338869	1.1338869	1.0122875	1.0819091	1.0666358	1.0729533	1.0381746	1.0843465	1.062928	1.0248349	1.1338869	0.66687137	0.029785253	0.15236293	0.061362218	0.100410365	0.08032845	0.14144164	0.3674567	2.7030375E-4			
SIRT3_9828	293615	sirt3	0.04838709677419355	0.3086189516129032	-1.1637287	1.1637287	-1.0743614	1.0902917	1.0000899	1.0601177	1.0238608	-1.0544318	1.0430188	1.0534338	-1.1637287	0.5009796	0.29107288	0.99926656	0.4466097	0.7873536	0.5441854	0.5981655	0.5226633	0.11808238			
SLC25A24_9855	310791	slc25a24	0.01371769383697813	0.1742777754699825	-1.265435	1.265435	-1.0850614	-1.1410592	-1.1027471	-1.0286816	-1.0630578	-1.1221442	-1.0396056	-1.0965971	-1.265435	0.2643806	0.22679456	0.27845478	0.55820817	0.35679415	0.16716808	0.5518146	0.13948916	0.043241788			
SLC25A4_9857	85333	slc25a4	0.01967017683290284	0.2007341545797735	-1.0236235	1.0236235	-1.0099399	-1.0137159	-1.0107952	-1.015145	1.0112009	-1.007895	1.0017015	-1.0218372	-1.0236235	0.1908136	0.19522406	0.22056302	0.11562136	0.12313283	0.5464425	0.7726508	0.011227849	0.057951637			
SLC2A3_32965	25551	slc2a3	0.026336633663366336	0.24104515384273856	1.1156979	1.1156979	1.0003599	1.1156979	1.0460291	1.0845814	1.0092653	1.0311846	1.0393689	1.0045987	-1.0413573	0.9858247	0.11086054	0.09910462	0.053104464	0.83182305	0.1167278	0.290701	0.8256109	0.07695255			
SMAD4_9892	50554	smad4	0.03958455810307662	0.29061900391503376	1.1435727	1.1435727	1.0507786	1.1435727	1.0740888	1.0619737	-1.039316	1.0317906	1.0115135	-1.0045302	1.1353357	0.32372388	0.047324367	0.16171041	0.32628387	0.6168619	0.61234	0.7704249	0.91109914	0.0024361007			
SMC1A_9897	63996	smc1a	0.016211941478845394	0.18236789865088898	1.0409702	1.0409702	-1.0121528	1.0299277	1.0146198	1.0089371	-1.001725	1.0058719	1.0070632	-1.022052	1.0409702	0.4214329	0.21765138	0.22209442	0.6265226	0.91973585	0.7362478	0.5253195	0.15422685	0.014598463			
SNX6_9913	362738	snx6	0.014521583449373383	0.1742777754699825	-1.0218947	1.0218947	-1.0004383	-1.0076579	-1.009377	-1.0062429	-1.0097171	1.0031488	1.0052701	-1.0158252	-1.0218947	0.9491824	0.2062891	0.40972772	0.43376672	0.099521205	0.61799234	0.3196326	0.12674251	0.046449807			
SOD2_32976	24787	sod2	0.003641513251062108	0.10915897847305792	-1.0683289	1.0683289	-1.0068865	-1.0314748	-1.0255588	-1.018793	-1.0039556	-1.0199444	1.0049038	-1.007975	-1.0683289	0.59704167	0.32115	0.21191005	0.10829727	0.7381544	0.11387201	0.7153768	0.48134333	0.0304621			
SPHK1_32682	170897	sphk1	8.035355564483728E-4	0.06560064282844516	-1.2601863	1.2601863	-1.0567124	-1.0829785	-1.0363357	-1.0460893	-1.0424025	-1.0635271	1.0303156	-1.1178374	-1.2601863	0.3119136	0.23509505	0.6254291	0.30587867	0.306406	0.39785418	0.48627153	0.023313753	0.0012247326			
SRFBP1_9940	291469	srfbp1	0.016504275203817857	0.1823724142385764	-1.0877502	1.0877502	-1.0035537	-1.0409061	-1.0338765	-1.0047618	-1.012917	-1.0127437	-1.0145196	-1.0257622	-1.0877502	0.91917354	0.2731907	0.33672345	0.8658076	0.6426926	0.5737735	0.48476234	0.28399184	0.06443237			
SRXN1_9943	296271	srxn1	0.015489841078253873	0.17962935023134177	-1.1048743	1.1048743	1.0282182	-1.0087292	-1.0068175	1.0118111	-1.0162605	-1.0393959	1.0106257	-1.0801163	-1.1048743	0.35587028	0.81617457	0.90120924	0.6285894	0.5844026	0.41245142	0.65829754	0.001214585	0.04149563			
SSBP2_9944	361877	ssbp2	0.00300240192153723	0.09544072948328267	1.314461	1.314461	1.1123328	1.2128938	1.1557745	1.1710501	1.0904578	1.1234711	1.0353372	1.0618169	1.314461	0.05429268	0.17012955	0.08920304	0.049883373	0.13864961	0.1284642	0.7116055	0.3289756	0.0066952826			
ST6GALNAC2_9951	303692	st6galnac2	4.06421459053038E-4	0.052162134532815374	-1.2138745	1.2138745	-1.0084399	1.0494702	-1.009795	1.0670935	-1.0021255	1.0033327	1.0035465	-1.0356191	-1.2138745	0.7943468	0.19302987	0.7388086	0.20143013	0.95363486	0.9171923	0.91973555	0.34439602	0.012314357			
STAR_32299	25557	star	4.089143324473523E-4	0.052162134532815374	-1.2803932	1.2803932	1.055028	1.1271936	1.0404941	1.082756	1.1129047	1.1479818	1.1765736	1.0717227	-1.2803932	0.30514094	0.13641748	0.6773308	0.2309572	0.07006603	0.109811395	0.01860575	0.34491313	0.0037026491			
STAT1_9958	25124	stat1	0.013115415657788539	0.16942128707307855	-1.5820732	1.5820732	-1.032238	1.3493943	1.0283353	1.061321	1.4870342	1.2580647	1.2913258	1.0827504	-1.5820732	0.8708085	0.02169866	0.8378888	0.78769445	0.010094491	0.121006176	0.3077629	0.75226694	0.0024771797			
STIL_33274	313506	stil	0.0466403162055336	0.3083118750956021	1.1619753	1.1619753	1.0915996	1.1619753	1.0551158	1.1293879	1.068154	1.0632652	1.0751218	1.06822	1.1430056	0.062492196	0.08615268	0.3812329	0.04756099	0.1611449	0.46451065	0.20327121	0.21212113	0.052706517			
STMN1_32298	29332	stmn1	0.014578408195429472	0.1742777754699825	1.0231004	1.0231004	-1.0052315	1.010597	1.0145482	1.0081179	1.0087826	1.001277	1.0105257	-1.006017	1.0231004	0.51730335	0.4885964	0.025342932	0.36707282	0.31105623	0.81395304	0.32087985	0.5434971	0.005558332			
STX4_9967	81803	stx4	0.021855752036558714	0.21343344452926477	1.0963415	1.0963415	1.0605665	1.0607563	1.0871084	1.069698	1.0364424	1.04855	1.0387836	1.014211	1.0963415	0.073509455	0.24545585	0.020690363	0.10112946	0.2256152	0.24009912	0.23800373	0.7106538	0.0026949628			
TCEA2_9990	29575	tcea2	3.9816842524387816E-4	0.052162134532815374	-1.3635141	1.3635141	-1.0219392	-1.0130109	-1.0914836	-1.0126263	-1.0750724	-1.0296613	-1.043661	-1.0592344	-1.3635141	0.6473661	0.75909615	0.083521	0.842264	0.1816362	0.6470478	0.4129569	0.3558429	0.007386639			
TCEB1_33163	64525	eloc	1.9708316909735908E-4	0.0413744171903507	1.0564926	1.0564926	1.0219083	1.0374508	1.0356684	1.0283713	1.0303608	1.0326856	1.0392675	1.0365376	1.0564926	0.09813372	0.016896784	0.0013470798	0.0052004727	8.1067695E-4	0.011476087	2.63797E-4	3.7413824E-4	2.2962301E-4			
TCFL5_9994	311715	tcfl5	2.0177562550443906E-4	0.0413744171903507	-2.2432456	2.2432456	1.1263345	1.1895376	-1.0489211	1.1934807	-1.0295243	1.0832835	1.058115	-1.004377	-2.2432456	0.17209506	0.058622792	0.70572317	0.2893852	0.7746221	0.425058	0.6563301	0.9643188	0.03853367	100.0	300.0	
TDG_33164	114521	tdg	0.00303275374039628	0.09544072948328267	-1.0958163	1.0958163	1.0120571	1.0138845	1.0330439	-1.0004765	1.0042447	-1.0188876	-1.0035079	-1.0026335	-1.0958163	0.7460505	0.67559624	0.15156715	0.9906632	0.8823663	0.4322965	0.92630243	0.8753178	0.001572923			
TGFB1_33273	59086	tgfb1	0.00909090909090909	0.14040117968195423	-1.1863217	1.1863217	-1.1516908	-1.1509823	-1.0666945	-1.0975256	-1.0553952	-1.0450727	1.0163943	-1.0942308	-1.1863217	0.10394399	0.014236947	0.25367248	0.10172273	0.1510855	0.43470958	0.8009424	0.06854986	0.011793674			
TIMM22_10019	79463	timm22	0.009166998804304504	0.14040117968195423	1.0433642	1.0433642	1.0196292	1.0433642	1.0425488	1.0318638	1.0212909	1.0043222	1.0308515	1.0053735	-1.0263139	0.10795171	0.08145696	0.10244352	0.0920158	0.2299217	0.7785701	0.2855488	0.63816255	0.09610783			
TIMM9_10020	171139	timm9	0.01797842588893328	0.18842070557204088	1.2608206	1.2608206	-1.0063556	1.0354297	1.0224018	1.0018563	1.2608206	-1.0896959	1.0240325	1.0710711	-1.1795272	0.9358865	0.6252642	0.7651192	0.9793351	4.336228E-4	0.30342624	0.79894394	0.46338972	0.010802004			
TJP1_10025	292994	tjp1	0.019347037484885126	0.19842866083743993	-1.096864	1.096864	1.0764494	1.0462375	1.0030304	1.0032884	-1.0085946	-1.0287306	1.0008276	-1.096864	-1.0198245	0.040295664	0.04753345	0.9064771	0.9197086	0.82400286	0.32660004	0.9860211	0.02261911	0.669219			
TMEM109_10038	361732	tmem109	0.010674046254200435	0.1512897805890492	1.5674299	1.5674299	1.0894555	1.3050932	-1.0296179	1.3966275	-1.0291934	1.187765	1.4146969	1.2477176	1.5674299	0.6739962	0.27030188	0.91231376	0.05676769	0.906192	0.42044368	0.03698102	0.25337392	0.010353848			
TNIP1_10051	363599	tnip1	0.036624848239579115	0.2849155443878713	1.0685384	1.0685384	1.0502499	1.0568238	1.0337472	1.0158664	-1.01141	1.0189602	-1.0033295	-1.0217834	1.0685384	0.08785955	0.2713648	0.123869576	0.535125	0.5489173	0.31945652	0.86072516	0.40335512	8.028403E-4			
TNNT3_33197	24838	tnnt3	0.04770531400966183	0.3083118750956021	1.3417989	1.3417989	1.2025405	1.2813812	1.016253	1.2772744	1.0803231	1.2136949	1.1634294	1.0062238	1.3417989	0.14065574	0.2458127	0.8987405	0.2203977	0.54464954	0.09801545	0.14891836	0.958548	0.005287827			
TOMM34_10055	311621	tomm34	0.0316	0.2634252008960684	1.0548335	1.0548335	1.0170659	1.0447704	1.01882	1.0205077	-1.0105981	1.007909	1.0081179	-1.0175371	1.0548335	0.34107643	0.24903183	0.32409194	0.4522284	0.54294723	0.6642204	0.35234386	0.10390663	8.540773E-4			
TOMM70A_10058	304017	tomm70	0.002414972831555645	0.09523689877961233	-1.0483445	1.0483445	-1.0056361	1.0105222	-1.0102528	-1.0026026	1.0220027	-1.0196116	1.0065552	-1.013154	-1.0483445	0.53708386	0.34833968	0.45870906	0.8510409	0.10308992	0.21568461	0.68283015	0.4347138	0.009388703			
TOPBP1_10060	308768	ticrr	0.009128795395911887	0.14040117968195423	1.153522	1.153522	1.0684826	1.1179063	1.0609368	1.1311965	1.016426	1.0608528	1.0707482	1.0445753	1.153522	0.16687733	0.22871976	0.20860708	0.054868538	0.7354906	0.20189288	0.1496385	0.2950033	0.007510113			
TOR1A_10061	266606	tor1a	0.001398880895283773	0.08175445623873423	1.149	1.149	1.0543189	1.0353869	1.0414903	1.0456806	1.0297577	1.0231876	-1.0124954	1.0261075	1.149	0.1552578	0.356851	0.35376328	0.26945838	0.2936914	0.58855873	0.76361567	0.48458025	0.0034226922			
TPD52L2_10067	296480	tpd52l2	0.023743016759776536	0.2243495241051107	-1.0267147	1.0267147	-1.0177863	-1.0055761	-1.0090715	-1.0197245	-1.0152217	-1.016488	-1.0068495	-1.0179489	-1.0267147	0.020144368	0.358378	0.44039008	0.08863511	0.17406271	0.22260936	0.6083551	0.04119053	0.057202008			
TRAP1_10074	287069	trap1	0.008533439174439373	0.14040117968195423	1.1078571	1.1078571	1.0509357	1.0552999	1.0431297	1.0207582	1.0139471	1.0170175	1.0086478	-1.0244505	1.1078571	0.1860221	0.28360528	0.1932685	0.5635598	0.50583667	0.6187667	0.75427264	0.45800686	0.012110805			
TRAPPC3_10075	362599	trappc3	0.02457051538154215	0.22794737224421605	1.0432858	1.0432858	1.0432858	1.0310203	1.0383837	-1.0001584	1.0044681	-1.0398043	1.0012698	-1.0395466	-1.0292741	0.12322891	0.32161838	0.08767774	0.99415	0.8364569	0.19751996	0.9568609	0.21980134	0.299883			
TRMT6_10088	311441	trmt6	0.037690934338424915	0.2849155443878713	1.1513349	1.1513349	1.1235431	1.1513349	1.1209792	1.1068821	1.0212775	1.0537947	1.028295	1.0353593	1.1334549	0.05890768	0.113402575	0.07056597	0.042193986	0.68790615	0.36572784	0.6384459	0.39924943	0.020390768			
TSTA3_10098	300036	gfus	0.00553687957286929	0.12600321027287317	-1.0626079	1.0626079	-1.0315211	-1.0387625	-1.0231628	-1.0168031	1.0129293	-1.0146191	1.0023646	-1.0064133	-1.0626079	0.07190752	0.05169848	0.35542464	0.3218446	0.3355449	0.5929312	0.83046156	0.6521876	0.004284866			
TUBB2A_10104	498736	tubb2a	0.004011231448054553	0.10915897847305792	-1.2488241	1.2488241	-1.0343727	1.0369955	-1.0859748	-1.0998652	-1.1513262	-1.1231394	1.0480165	-1.148958	-1.2488241	0.5212123	0.42015657	0.15638098	0.08548841	0.18650073	0.073847815	0.33934718	0.1049964	0.028462503			
TXNDC9_10111	280671	txndc9	0.007348438456827924	0.13391216866415886	1.0138929	1.0138929	1.0035894	-1.0029194	1.0027592	-1.0046082	-1.0034643	1.0018591	-1.0068644	-1.0080489	1.0138929	0.41333964	0.48117366	0.44088483	0.3053292	0.477628	0.755514	0.19873165	0.14552289	0.044667132			
TXNRD1_10114	58819	txnrd1	0.026677284491339836	0.24235793044953352	-1.0840795	1.0840795	-1.0238409	1.0334493	-1.0285565	-1.0018128	-1.02435	-1.0193324	1.0266622	-1.0581715	-1.0840795	0.42878488	0.5582564	0.2621289	0.9571729	0.42787966	0.5452972	0.29780158	0.02891555	4.4416593E-4			
TXNRD2_33001	50551	txnrd2	0.011894995898277276	0.1607793816449266	-1.4556412	1.4556412	1.0503516	-1.1707437	-1.053281	-1.018696	-1.0478889	-1.0988303	1.056748	-1.0648354	-1.4556412	0.6484844	0.44633618	0.6272237	0.89379865	0.7244229	0.4481102	0.6142128	0.57982016	0.020273414			
UBE2J1_10122	297961	ube2j1	0.0043616177636796195	0.11412899814961672	1.0596174	1.0596174	1.0188179	1.0425502	1.0251232	1.0426637	1.0112865	1.0423193	1.022308	1.0175939	1.0596174	0.25107953	0.113856144	0.19642302	0.07147411	0.5931964	0.030954745	0.18252127	0.06531136	0.0052242754			
UBQLN2_10128	317396	ubqln2	0.0016022431403965552	0.08175445623873423	-1.1636275	1.1636275	-1.0244837	-1.0222248	-1.0391729	1.0208948	-1.0008856	-1.0041322	1.0174779	-1.0384862	-1.1636275	0.38566306	0.5501015	0.28854948	0.45330185	0.9724946	0.9139559	0.62036574	0.14842738	0.024670566			
UFM1_10130	365797	ufm1	0.001806140878988561	0.08776984604799175	-1.0854511	1.0854511	-1.0081089	-1.0006351	-1.0182667	-1.0150728	1.0211693	-1.0189689	-1.0168164	-1.0042113	-1.0854511	0.44905835	0.9474719	0.47816902	0.35453954	0.11639801	0.39566147	0.1208423	0.8351112	0.030641649			
UGDH_10131	83472	ugdh	0.015369059656218402	0.17924714719052434	-1.0653988	1.0653988	1.0014431	1.0342199	-1.005217	-1.0026872	1.0169175	-1.0052443	1.0465434	1.0012132	-1.0653988	0.9517874	0.27609652	0.8902584	0.91117954	0.39791098	0.82729095	0.09268912	0.95580626	0.060253277			
UHRF1_10132	316129	uhrf1	0.04663316582914573	0.3083118750956021	1.0813076	1.0813076	1.0241312	1.0770427	1.0284445	1.043874	-1.0054535	-1.0032663	1.0128088	-1.0059078	1.0813076	0.3593222	0.2626298	0.32593012	0.19492713	0.8217221	0.90853274	0.47739607	0.7582415	0.0010320762			
USP1_10136	313387	usp1	0.00303951367781155	0.09544072948328267	1.0431418	1.0431418	1.0224626	1.0223973	1.0167173	1.0239391	1.0089636	1.0109171	-1.0006768	-1.0110033	1.0431418	0.008540104	0.33132762	0.14330372	0.04564063	0.46980163	0.23859979	0.9416184	0.4488771	0.0015636832			
USP14_10137	291796	usp14	0.013090043633478779	0.16942128707307855	1.0357394	1.0357394	1.0152521	1.0049572	1.0091887	1.0096277	-1.0032464	1.0050956	1.0027575	-1.0188555	1.0357394	0.29453743	0.7183679	0.4413476	0.5500314	0.8152945	0.7353964	0.808353	0.2419629	0.0053338204			
VDAC2_10151	83531	vdac2	0.009969481180061038	0.14512560012742043	1.0445035	1.0445035	1.014711	1.0353765	1.0218835	1.0133495	1.0085404	1.0113099	1.0094696	-1.0176711	1.0445035	0.20950434	0.1628996	0.15609787	0.16834505	0.4255445	0.43934873	0.25131875	0.12332954	0.017402506			
VGLL4_10152	297523	vgll4	0.038912050823903116	0.2877517961289357	1.0791191	1.0791191	-1.0211442	1.0421402	1.0213675	1.0246698	1.0035087	1.0213501	1.0286282	-1.0083686	1.0791191	0.6115489	0.5087747	0.49335492	0.45977032	0.86061466	0.46620944	0.28166234	0.7580611	0.009596757			
WDR43_10168	362703	wdr43	0.004788507581803671	0.1163493330293011	1.025937	1.025937	-1.0118815	-1.0041267	-1.0018829	1.0006098	-1.0098678	-1.015697	1.0032579	-1.0084369	1.025937	0.33602542	0.73871654	0.81826794	0.8985198	0.14410283	0.12817112	0.64240664	0.43673173	0.033277813			
WDR61_10169	363064	skic8	0.0059928086296444265	0.12609610735159046	1.0794367	1.0794367	1.0117152	-1.0056881	-1.001118	-1.0207413	-1.0026636	1.0058715	-1.0063974	-1.0041549	1.0794367	0.7281555	0.7290534	0.9692348	0.478605	0.81893295	0.79983187	0.64755344	0.7633392	0.024050694			
XPO1_32314	85252	xpo1	0.015857085507828182	0.1817547490542472	-1.0618867	1.0618867	1.0033289	1.0522366	-1.0066772	1.0321085	1.0033301	1.004389	1.0296698	1.0045837	-1.0618867	0.89145166	0.0454859	0.8183347	0.32349697	0.8827264	0.8143279	0.20740223	0.63391906	0.14176504			
YWHAB_10191	56011	ywhab	0.04330472959489124	0.3026881955588117	1.0751649	1.0751649	1.0274296	1.048527	1.0219251	1.0232607	-1.0107888	1.0164958	1.0109121	-1.0133615	1.0751649	0.24926749	0.3511127	0.4665154	0.42379788	0.6911532	0.54613507	0.62893623	0.5068392	0.013095098			
ZDHHC6_10196	361771	zdhhc6	0.014749850508271876	0.17502584236850524	1.0840888	1.0840888	1.0598683	1.0840888	1.0429289	1.0515561	1.0192899	1.040612	-1.0161669	-1.0106936	1.0724454	0.04576406	0.013522929	0.17929651	0.13835016	0.33349606	0.07869489	0.72273284	0.6202142	0.016283676			
ZFP110_10199	308362	zfp110	0.008555511341026662	0.14040117968195423	-1.13835	1.13835	-1.0442142	-1.0069988	1.0160046	-1.0187742	1.0299507	-1.0140704	1.0061517	-1.0008047	-1.13835	0.26239607	0.80425364	0.7760218	0.5887813	0.38010728	0.6343193	0.84147525	0.97746176	0.088934734			
ZWINT_10214	257644	zwint	0.041778143650956986	0.29607358052640004	-1.0647961	1.0647961	-1.0174725	-1.0317739	1.0018091	-1.0089695	-1.0221809	-1.0244536	-1.030041	-1.0647961	-1.04816	0.005808947	0.19614786	0.7981773	0.16556124	0.33507895	0.38665172	0.3305314	0.05174667	0.16214675			
