Williams Trend Test
Data Source: P2_Perfluoro_3_methoxypropanoic_acid_Female_Spleen_NoOutlier-expression1
Work Source: null
BMDExpress3 Version: BMDExpress 3.20.119 BETA
Timestamp (Start Time): 12/14/2025 07:30.31
Number of Permutations: 10000
Unadjusted P-Value Cutoff: 0.05
Multiple Testing Correction: false
Filter Out Control Genes: true
NOTEL/LOTEL Test: T-Test
NOTEL/LOTEL p-Value Threshold: 0.05
NOTEL/LOTEL Fold Change Threshold: 2.0
Total Run Time: 15 seconds

Chip: BioSpyder S1500_Rat
Provider: BioSpyder

=== Experiment Description ===
Experiment Type: in vivo
Test Article: Perfluoro-3-methoxypropanoic acid | CAS: 377-73-1 | DSSTOX: DTXSID70191136
Subject Type: in vivo
Species: rat
Strain: Sprague-Dawley
Sex: female
Organ: spleen
Article Route: oral
Article Vehicle: feed
Administration Means: dietary
Study Duration: 28d
Platform: BioSpyder S1500+ Rat
Provider: BioSpyder
Article Type: chemical
Chip File Creation Date: 10/31/24
Log Transformation: NONE
BMDExpress3 Version: BMDExpress 3.20.119 BETA
Timestamp: 12/14/2025 07:06.33

Probe ID	Gene ID	Gene Symbol	Unadjusted P-Value	Adjusted P-Value	Max Fold Change	Max Fold Change Unsigned	FC Dose Level 1	FC Dose Level 2	FC Dose Level 3	FC Dose Level 4	FC Dose Level 5	FC Dose Level 6	FC Dose Level 7	FC Dose Level 8	FC Dose Level 9	NOTEL/LOTEL T-Test p-Value Level 1	NOTEL/LOTEL T-Test p-Value Level 2	NOTEL/LOTEL T-Test p-Value Level 3	NOTEL/LOTEL T-Test p-Value Level 4	NOTEL/LOTEL T-Test p-Value Level 5	NOTEL/LOTEL T-Test p-Value Level 6	NOTEL/LOTEL T-Test p-Value Level 7	NOTEL/LOTEL T-Test p-Value Level 8	NOTEL/LOTEL T-Test p-Value Level 9	NOTEL	LOTEL
ABCB1B_7939	24646	abcb1b	0.030577348622007644	0.5578411247257671	-1.3486843	1.3486843	-1.1514306	-1.3319908	-1.2942238	-1.0142866	-1.2455425	-1.2388386	-1.3486843	1.0124388	-1.3107976	0.1106291	0.050328817	0.0032288698	0.8241391	0.01905158	0.1192195	0.0070528793	0.9114389	0.107826434			
ACD_7963	307798	acd	0.004300634855621544	0.29689210279152867	1.0857539	1.0857539	1.052457	1.0857539	1.072314	1.0849105	1.0115708	1.0590585	1.0720568	1.0827318	-1.0753431	0.17703123	0.0061748154	0.019601662	0.0062910216	0.67480135	0.048452746	0.09213751	0.019635899	0.20310007			
ACTA1_7978	29437	acta1	0.013545347467608953	0.4602716127737013	-1.8606031	1.8606031	-1.5521171	-1.4135348	-1.8606031	-1.5585207	-1.7461948	-1.6194487	-1.5914729	-1.765345	-1.4378252	0.05227104	0.05246959	0.014495715	0.04798983	0.009753802	0.019983567	0.007190943	5.879544E-4	0.006011374			
ACTC1_32706	29275	actc1	0.018406148867313916	0.4867506039089378	-1.5990938	1.5990938	-1.0029594	1.2235351	1.1165679	-1.061998	-1.0701443	1.0391128	1.1294203	1.0229139	-1.5990938	0.9842316	0.050549436	0.40144396	0.6707027	0.5083375	0.7971388	0.318041	0.8867188	0.18963209			
AEBP1_33321	305494	aebp1	0.029034841810172206	0.5520635093252134	-1.9729861	1.9729861	-1.1719017	-1.9729861	-1.6008615	-1.2828679	-1.096894	-1.1994097	-1.0477309	-1.1229064	1.1325182	0.26860726	0.0020491597	0.0055948966	0.15407123	0.47832766	0.26623863	0.7003931	0.51288766	0.2171078			
ALDH1A1_8022	24188	aldh1a1	0.022718446601941746	0.5089269826205588	-1.7684052	1.7684052	-1.090888	1.3547207	-1.2238742	1.1988658	1.0398828	1.1790025	1.2037425	-1.152833	-1.7684052	0.5271357	0.25175694	0.1188447	0.42103642	0.82683724	0.32686064	0.12853308	0.39920074	0.0049744355			
APEX1_8058	79116	apex1	0.043683589138134596	0.6246753246753247	1.0790217	1.0790217	1.0790217	1.0398467	1.0683763	1.04145	1.0113891	1.0588303	1.0389327	1.0491977	1.0627638	0.039870434	0.08267466	0.023775883	0.12605281	0.7120297	0.032830622	0.091857955	0.04705134	0.013138968			
ARL11_32961	364396	arl11	0.012282091917591125	0.4503812302506118	1.404164	1.404164	1.1009218	1.174485	1.1827018	1.2564936	1.1207076	1.045496	1.0858743	1.0695922	1.404164	0.49100593	0.2151913	0.19608964	0.07301352	0.22050549	0.55877763	0.6810036	0.58597517	3.9827326E-4			
BAMBI_8130	83837	bambi	0.04856860809476802	0.6372946672513239	-1.096839	1.096839	1.0261469	-1.0151315	1.0395157	-1.0332092	-1.0425726	1.0174026	-1.028758	1.0217568	-1.096839	0.5740223	0.7020268	0.39125565	0.4571709	0.3362859	0.7795666	0.5000089	0.7373457	0.053932723			
BCL2L2_32990	60434	bcl2l2	0.03647294589178357	0.5806908176979324	-1.090234	1.090234	1.0108188	1.0070566	1.0760914	-1.0074391	-1.0163828	1.0308547	1.0341094	1.0766952	-1.090234	0.7861914	0.8352206	0.07571843	0.86740345	0.69207925	0.41332784	0.43673477	0.08906818	0.10230288			
BNIP3L_8155	140923	bnip3l	0.0478110599078341	0.6372946672513239	-1.0424044	1.0424044	-1.0131468	-1.0214692	-1.0077866	-1.0111943	1.0146809	-1.0167092	-1.0112644	1.0001781	-1.0424044	0.4089673	0.10096755	0.7626964	0.39653462	0.39210263	0.34955844	0.47418147	0.9916421	0.010246758			
BST1_32671	81506	bst1	0.016282764098490866	0.48653871231610024	1.1245501	1.1245501	1.0738251	1.0226309	1.0541115	1.0059328	-1.0521687	1.0472913	-1.0120572	1.009032	1.1245501	0.05849295	0.3318193	0.27608454	0.92081183	0.17729302	0.34078762	0.7465467	0.82720304	0.002013778			
CARS2_32316	361184	cars2	0.0033071517155849523	0.2758715722750448	-1.9200298	1.9200298	-1.0080532	1.3067396	1.3200003	1.1949757	1.1106005	1.3306571	1.0411593	1.36399	-1.9200298	0.96101475	0.03498373	0.19104008	0.19769157	0.54585576	0.024086881	0.840683	0.07525353	0.020557249			
CASP3_8201	25402	casp3	0.0465977773445116	0.6361511012673804	1.0506634	1.0506634	1.0315711	1.0193554	1.0228213	1.0145739	1.004552	1.0409384	1.0050138	-1.0012693	1.0506634	0.09900572	0.19279669	0.2051271	0.46688238	0.80531275	0.13866292	0.76696616	0.96607435	0.0035580408			
CAT_8206	24248	cat	0.012823042020122312	0.4503812302506118	-1.0991544	1.0991544	-1.0196849	-1.0207051	-1.0183083	-1.0115384	1.0063217	-1.0173643	-1.0212873	1.0137069	-1.0991544	0.45166698	0.45943815	0.60886484	0.7956163	0.81684905	0.6382521	0.50826746	0.67900527	0.0066476967			
CCL17_32810	117518	ccl17	0.021613276727132383	0.5089269826205588	1.1603807	1.1603807	1.0583905	1.0351739	1.0443034	1.0460984	-1.0536954	1.0274745	1.0171077	1.016522	1.1603807	0.1940371	0.38792357	0.4056656	0.4368972	0.3137107	0.50985795	0.85942143	0.78606004	0.03278913			
CCL6_32398	287910	ccl6	0.0027860696517412937	0.24250919316461172	1.1540539	1.1540539	1.0660166	1.0885966	1.0621579	1.1128038	1.0807725	1.0516547	1.0350673	1.0024533	1.1540539	0.07542153	0.062446482	0.1384719	0.028233977	0.16789125	0.18040675	0.5899861	0.9554686	0.0010599986			
CCNH_8229	84389	ccnh	0.04487052777228701	0.6281873888120182	1.0543016	1.0543016	1.0288684	1.0225799	1.0147175	1.0263966	-1.0118954	1.024126	1.0308261	1.018145	1.0543016	0.13248837	0.24537379	0.4803726	0.20094691	0.5805526	0.13189358	0.34160334	0.45724708	0.13227436			
CCT2_8233	299809	cct2	0.018068777928890615	0.4867506039089378	1.0679091	1.0679091	1.0138222	1.0123702	-1.0252081	1.006597	-1.0379212	1.0219356	1.0139779	1.0081401	1.0679091	0.4474036	0.592048	0.49524373	0.78715914	0.059128612	0.2820244	0.5247272	0.81593055	0.009615012			
CD48_8249	245962	cd48	0.010130527956360803	0.4456543064547773	1.0430939	1.0430939	1.0194178	1.0299715	1.017678	1.0278308	-1.0102719	1.0100001	1.0286374	1.011913	1.0430939	0.29027694	0.046963703	0.37135422	0.055756174	0.554035	0.43716064	0.053256772	0.45598653	0.006590394			
CDKN3_8274	289993	cdkn3	0.009249949728534084	0.42087271264830084	1.0841112	1.0841112	1.0759099	1.0831536	1.0574303	1.0538887	1.0528612	1.0067756	1.0670612	1.048447	1.0841112	0.012699802	8.9776906E-4	0.18439315	0.044830747	0.014263561	0.75739735	0.011090925	0.16528246	0.0010894581			
CEBPB_8282	24253	cebpb	0.007189934092270821	0.3787960013875311	1.0876853	1.0876853	1.0490108	1.0816748	1.0619462	1.0603485	1.0741309	1.0473175	1.0844291	1.0876853	1.0693603	0.0721441	0.028203692	0.08808539	0.014056626	0.026383141	0.03445015	1.3792975E-4	0.0017568425	0.14358985			
CEBPD_8283	25695	cebpd	0.016090584028605484	0.48653871231610024	1.094205	1.094205	1.0296549	1.0216811	1.0453835	1.0475603	1.0524927	1.0825208	1.0480903	1.094205	1.0689632	0.3356599	0.44840354	0.15782674	0.15976176	0.11439473	0.042793136	0.1168264	0.0046888115	0.25244495			
CENPK_8288	294712	cenpk	0.0015926737009755126	0.16828655788002647	-1.8449066	1.8449066	-1.4183718	-1.393263	-1.3486217	-1.5146915	-1.1056899	-1.0619626	-1.3115363	-1.4905639	-1.8449066	0.039115075	0.061950725	0.022059621	0.010384007	0.45138624	0.57925844	0.056025404	0.060119756	0.0024466636			
CISD1_8322	294362	cisd1	0.011575436531292917	0.4456543064547773	1.0582908	1.0582908	1.044291	1.0516347	1.0473752	1.0444322	-1.0025764	1.0350655	1.0370584	1.0146102	1.0582908	0.07049023	0.010497266	0.07348873	0.041593835	0.9123283	0.06841432	0.06772607	0.5106798	0.0050862385			
CKAP2_8324	306575	ckap2	0.03674698795180723	0.5806908176979324	1.1642662	1.1642662	1.0409465	-1.030301	1.1008061	1.0404505	-1.0577911	1.0663408	1.0086733	1.1128129	1.1642662	0.31684345	0.60748786	0.2516979	0.5517226	0.50787973	0.18109651	0.87570673	0.039430406	0.0021992654			
CKM_32556	24265	ckm	2.068680182043856E-4	0.08371315074221199	-1.747881	1.747881	-1.0756586	-1.1006763	-1.0783786	-1.0525353	-1.1449977	-1.163002	-1.1009784	-1.1006991	-1.747881	0.37597412	0.00517088	0.049791247	0.32489306	0.008777994	0.035918694	0.0065474925	0.1107677	0.062700815			
CKS2_8325	498709	cks2	0.015330188679245283	0.48653871231610024	1.0522237	1.0522237	1.017382	1.0003399	1.0151635	-1.0237584	-1.0081178	-1.0088005	1.0103389	1.0090365	1.0522237	0.42619205	0.98936105	0.37784904	0.14233825	0.5624015	0.5857009	0.52321607	0.63278055	4.840215E-4			
CMTM3_33221	291813	cmtm3	0.006457925636007828	0.36939334637964777	1.1976559	1.1976559	1.164434	1.1886228	1.1849325	1.1378052	1.1390281	1.1602489	1.1326758	1.1976559	1.067717	0.025361273	6.644095E-4	9.232479E-4	0.079801284	0.048519727	0.0018139572	0.017373063	0.0022779233	0.12760839			
COL14A1_8350	314981	col14a1	0.022487844408427878	0.5089269826205588	-1.5962073	1.5962073	1.0565742	-1.0186998	-1.1557902	-1.1217487	1.0833645	-1.0631691	-1.2432246	1.0192908	-1.5962073	0.6442575	0.87490577	0.35331076	0.4631323	0.5875035	0.6130941	0.27828044	0.8832572	0.13852286			
COX8B_32651	25250	cox8b	8.032128514056225E-4	0.12376933895921238	-2.7008922	2.7008922	1.2330741	1.2203225	1.2011296	1.0806528	1.348163	1.0029105	1.0755657	1.1381496	-2.7008922	0.31033346	0.12429411	0.17465064	0.6544911	0.0288161	0.98664963	0.689957	0.3347446	0.079737306			
CPS1_32421	497840	cps1	0.01586026902228468	0.48653871231610024	-1.5342793	1.5342793	-1.3177007	-1.2618039	-1.1976435	-1.1728005	-1.516511	-1.4520068	-1.293318	-1.5342793	-1.1503719	0.0019341772	0.0125727	0.019009162	0.2564841	0.0011053684	6.2121346E-4	0.06225018	0.043216776	0.20453897			
CSRP3_32915	117505	csrp3	6.007208650380457E-4	0.12376933895921238	-2.067281	2.067281	1.063943	1.2034113	-1.0079832	1.1466854	1.0410738	-1.027586	1.1100075	-1.0106653	-2.067281	0.5974157	0.124477446	0.95269614	0.24506295	0.7272357	0.84344685	0.4382579	0.9323596	0.021202238	100.0	300.0	
CTSS_8404	50654	ctss	0.01727149233456239	0.4867506039089378	1.0345337	1.0345337	1.01941	1.0254129	1.0209876	1.0308864	-1.0074736	1.0243889	1.0147731	1.0128316	1.0345337	0.17005786	0.005404207	0.13365556	0.035505664	0.6336266	0.0071759387	0.12130879	0.4520651	8.1401E-4			
CYP3A2_32374	266682	cyp3a2	0.0048638132295719845	0.3141081963097778	-2.0516818	2.0516818	-1.6808646	-1.7839633	-1.7177353	-1.5780594	-1.9813491	-1.5612873	-2.0516818	-1.5696882	-1.3602864	0.010067842	0.0075381487	0.013808869	0.03252053	0.025702057	0.017685646	0.0036449598	0.016841069	0.16900308	10.0	30.0	
CYP4A1_33111	50549	cyp4a1	0.032821497120921306	0.5653228449688626	-Infinity	Infinity	-1.9324874	-2.4576714	-2.2179759	-1.5031619	-Infinity	-1.7790236	-1.2500592	-8.838773	-5.8143263	0.29980606	0.12152447	0.21251579	0.5172121	0.012859763	0.30205157	0.6253959	0.022843232	0.04101804	1.0	3.0	
CYP4A8_32747	266674	cyp4a8	0.018118179946469012	0.4867506039089378	1.4838921	1.4838921	1.0324347	1.1139657	1.0873773	1.0224152	1.1315144	1.1062754	-1.0673741	-1.0727555	1.4838921	0.8042908	0.3473639	0.42922464	0.82251316	0.20422554	0.2895117	0.68045264	0.5761476	0.25666678			
CYTB_32443			0.03727307840865199	0.5829157192492702	1.086191	1.086191	1.086191	1.0686195	1.0536603	1.0611019	1.0207537	1.0574052	1.056312	1.0329151	1.0610849	0.0068017775	0.007439812	0.04353839	0.047065653	0.38359433	0.04267723	0.102290064	0.3621705	0.01672766			
DAO_8437	114027	dao	0.023675762439807384	0.5096653376827354	1.2248545	1.2248545	1.1182663	1.0692998	-1.0008496	1.1361539	1.0314621	-1.0247635	1.0980136	1.0933697	1.2248545	0.05074872	0.35721126	0.99239516	0.19051886	0.61432016	0.7305105	0.094850965	0.14754385	0.21696432			
DCK_8440	79127	dck	0.012045813586097947	0.4503812302506118	1.1054776	1.1054776	1.0723567	1.0661191	1.0753678	1.0361353	1.0231256	1.0691805	1.0734233	1.1054776	1.0659795	0.11797735	0.053260617	0.03667439	0.23580831	0.57596666	0.03648913	0.036202084	0.004301513	0.05846506			
DDIT3_8449	29467	ddit3	0.0428	0.6170572983237775	1.0449551	1.0449551	-1.0043081	-1.0109975	1.0136747	1.0309098	-1.0144174	-1.0069135	1.0065578	1.0206407	1.0449551	0.81197953	0.54448706	0.48101828	0.095297486	0.51755005	0.67711425	0.7710119	0.29561892	0.23590125			
DDIT4_8450	140942	ddit4	0.042574455326803914	0.6170572983237775	1.1462575	1.1462575	1.0385904	1.0631537	1.0525831	1.0667523	-1.0023828	1.1462575	1.090306	1.1298066	1.0410334	0.36317024	0.115836196	0.13945694	0.24475345	0.9644885	0.006461435	0.021824317	0.015738	0.38868612			
DNAJC15_8483	290370	dnajc15	0.020752521334367727	0.5089269826205588	1.046512	1.046512	1.0409513	1.0393697	1.0329081	1.0338025	-1.0090743	1.0254782	1.022364	1.0120788	1.046512	0.023693401	0.03554949	0.13373928	0.0583438	0.68150306	0.22656602	0.21517432	0.6349563	0.048411522			
DSG2_8499	307562	dsg2	0.030376670716889428	0.5578411247257671	-1.406757	1.406757	1.0854768	1.138413	-1.0685542	1.0328146	-1.0165485	-1.036867	-1.0366251	1.1255076	-1.406757	0.32016486	0.21572815	0.6909783	0.77697635	0.84825104	0.7492639	0.83164185	0.21634996	0.115064286			
DTX3L_8500	498089	dtx3l	0.02294141745186399	0.5089269826205588	1.078518	1.078518	1.0553731	1.0586882	1.0491577	1.042809	-1.0471456	1.0437472	-1.0045769	1.078518	-1.0761213	0.13518083	0.043872036	0.079978086	0.1938985	0.27783695	0.41847906	0.8602299	0.07614823	0.15370178			
DYNLL1_32638	58945	dynll1	0.0014022435897435897	0.16513480392156862	1.0623012	1.0623012	-1.0237181	-1.0266714	-1.0352489	-1.0617796	-1.0265628	-1.0459827	-1.0052209	-1.0172726	1.0623012	0.3303586	0.20312084	0.12060286	0.034027185	0.2142494	0.13879761	0.86937034	0.37260264	0.0070274854			
EBNA1BP2_8513	114021	ebna1bp2	0.009149308935176173	0.42087271264830084	1.0490962	1.0490962	1.017927	1.0344387	1.0327164	1.0381211	-1.0254518	1.0183476	1.0243391	1.0035897	1.0490962	0.15472978	0.016048953	0.12206472	0.045537524	0.21512774	0.15166566	0.18799284	0.8509851	0.007120392			
ECI2_8521	291075	eci2	0.021156832298136644	0.5089269826205588	1.0955892	1.0955892	1.0693154	1.0724014	1.0659362	1.0919598	1.0238868	1.092789	1.0831549	1.0955892	1.0384296	0.013660579	0.055671416	0.055092774	0.023107711	0.5360941	0.008663134	0.007235706	0.003983352	0.111740395			
EGF_8530	25313	egf	0.03988095238095238	0.5976119402985075	-1.7516298	1.7516298	-1.3509285	1.007244	1.1139896	-1.7516298	1.0007969	-1.0472385	1.0042384	1.2704388	1.5817072	0.22024597	0.9839377	0.6188833	0.21639125	0.9966546	0.8584907	0.9809676	0.2676976	0.21391551			
EIF2S1_8541	54318	eif2s1	0.007704160246533128	0.3912448700410397	1.0366644	1.0366644	-1.0001227	1.002054	-1.0014764	1.0003253	-1.0272077	1.0111339	1.0056612	-1.0020086	1.0366644	0.99367595	0.8867128	0.92768484	0.9814271	0.12568295	0.38154373	0.7083725	0.883319	0.024565408			
EMP1_32450	25314	emp1	0.029230135858377932	0.5520635093252134	1.1303197	1.1303197	1.1119	1.1271979	1.0130905	1.0652089	1.109554	1.111704	1.0888819	1.1303197	-1.1231518	0.06748765	9.1001776E-4	0.830157	0.32756728	0.04887404	0.04842133	0.15055834	0.018330738	0.45678064			
EVI2A_32378	685433	evi2a	0.013859066952957251	0.4602716127737013	1.0650873	1.0650873	1.0278614	1.023449	1.027805	1.0287366	-1.0187706	1.0400128	1.0269446	1.0153705	1.0650873	0.3194006	0.24487652	0.27597228	0.2639583	0.42030486	0.066623375	0.29572716	0.50172687	0.009972306			
EXOSC5_32543	308441	exosc5	0.01024428684003152	0.4456543064547773	1.1611325	1.1611325	1.0782022	1.1326177	1.0950807	1.1238629	1.0718808	1.1112492	1.1611325	1.0849767	1.094505	0.055265184	0.0074129766	0.061366815	0.001141899	0.16828747	0.014516211	0.0012113157	0.05324537	0.0046302397			
FAIM_8596	140930	faim	0.030108780108780108	0.5578411247257671	1.0599972	1.0599972	1.0057774	-1.0143665	1.0072086	1.0141671	-1.0181805	1.0305678	1.021347	1.0284067	1.0599972	0.83409595	0.46641454	0.78959525	0.6185161	0.56009454	0.23571199	0.33210254	0.27015564	0.014074609			
FAM103A1_33078	293058	ramac	0.026879626022594468	0.5520635093252134	1.0478868	1.0478868	1.0336609	1.0381413	1.0222226	1.0317061	-1.0049912	1.023736	1.027976	1.0104501	1.0478868	0.06695386	0.064734004	0.37852922	0.07882026	0.79050493	0.20401227	0.23922431	0.6252583	0.023111623			
FAM20B_8600	304885	fam20b	0.023350253807106598	0.5089269826205588	-1.0942683	1.0942683	1.0076269	-1.0020275	1.0114678	-1.0221484	-1.0246959	1.0364432	-1.0159062	1.0202647	-1.0942683	0.74071705	0.9296546	0.58528256	0.43595564	0.34727782	0.28756887	0.44279093	0.592198	0.16281046			
FAS_8609	246097	fas	0.023227132579650565	0.5089269826205588	-1.8896865	1.8896865	1.0313342	1.1778443	-1.0693858	1.2375504	-1.0082827	1.070305	1.0713052	1.0836056	-1.8896865	0.90275127	0.2342711	0.74783033	0.066814475	0.95362324	0.6293645	0.73742765	0.6003373	0.057775408			
FCER1A_32292	25047	fcer1a	0.04284263959390863	0.6170572983237775	-1.6808678	1.6808678	-1.124806	1.2075676	-1.0434138	-1.0418618	1.1523441	1.0372815	1.0732021	-1.0103589	-1.6808678	0.41438752	0.062184975	0.6625631	0.7388993	0.49114898	0.77328426	0.5746857	0.93296486	0.30686343			
FMO3_8654	84493	fmo3	0.023387253946599105	0.5089269826205588	1.3391187	1.3391187	1.0405349	1.1399161	1.012889	1.1192873	1.1411147	1.0064121	1.0722737	1.0702878	1.3391187	0.79687613	0.29384866	0.9086435	0.24351041	0.18968582	0.9671631	0.5336056	0.31507462	2.1370989E-4			
FSTL1_32837	79210	fstl1	0.017906884202148827	0.4867506039089378	-1.3861659	1.3861659	-1.3100743	-1.3861659	-1.2042348	-1.3151406	-1.2071596	-1.0751566	-1.280913	-1.1881473	1.0314004	0.0014586293	0.011424333	0.02062805	0.0014426322	0.006921945	0.35845798	0.0013833082	0.049458567	0.7385385			
GAR1_8683	499709	gar1	0.001597125174685566	0.16828655788002647	1.3404932	1.3404932	-1.1006913	-1.1395664	-1.321624	-1.2354814	-1.2491817	1.0332973	-1.0973824	-1.223391	1.3404932	0.46541247	0.23766766	0.0351273	0.2120776	0.10360951	0.8150771	0.431489	0.24342853	0.009112159			
GAS5_8688	81714	gas5	0.021863305101437858	0.5089269826205588	1.043208	1.043208	1.0114112	1.0012734	-1.0097302	-1.0000558	-1.0255775	-1.0002793	-1.0022979	-1.0105764	1.043208	0.45796633	0.94816774	0.59664685	0.9972216	0.17305523	0.9851177	0.9168285	0.54467356	0.08922218			
GMFG_32344	113940	gmfg	0.007817080320500294	0.3912448700410397	1.049493	1.049493	1.0221262	1.018619	1.0053412	1.0198183	-1.0070857	1.0119263	1.0133866	1.0043396	1.049493	0.1748265	0.34220424	0.75601184	0.25573042	0.7165898	0.48344797	0.50041115	0.82021254	0.013700009			
GNB2L1_8731	83427	rack1	0.010510223581119816	0.4456543064547773	1.0371257	1.0371257	1.0157409	1.0195367	1.0096028	1.0140616	-1.0147032	1.0193849	1.0149747	1.0157808	1.0371257	0.27927625	0.09397053	0.5347018	0.3900341	0.27999166	0.073283516	0.21003337	0.2626678	0.00427258			
GNPDA1_8737	683570	gnpda1	0.04671039554760485	0.6361511012673804	-1.3051248	1.3051248	1.0064752	1.0051565	1.0190276	-1.1705939	1.0497391	1.0058306	-1.0595849	1.1134187	-1.3051248	0.9351981	0.95266235	0.8369318	0.10554153	0.6131485	0.9592006	0.39973342	0.3295976	0.17799318			
GRIK2_32967	54257	grik2	0.023196382936897974	0.5089269826205588	-2.253453	2.253453	-1.2690356	-2.07024	-1.1363515	-1.1090664	-1.3269738	-1.5166018	-2.253453	-1.3868613	1.2134987	0.20749384	0.06778951	0.31359595	0.47924688	0.10388096	0.053825982	0.020758243	0.22728656	0.081314616	10.0	30.0	
H2AFZ_33045	58940	h2az1	0.01805337519623234	0.4867506039089378	1.0650227	1.0650227	1.0109721	1.0067853	1.0061603	1.0207505	-1.0128089	1.0133879	1.0070003	1.0119871	1.0650227	0.584282	0.7745131	0.77951753	0.50691366	0.5633513	0.43756664	0.7941229	0.51624984	0.0034220829			
HAO2_8778	84029	hao2	0.04	0.5976119402985075	1.3962492	1.3962492	1.2321321	1.3962492	1.1832687	1.1828032	1.2488651	1.2768635	1.2648752	1.1461154	1.3128604	0.18961489	0.003762906	0.1291368	0.09738766	0.055258073	0.016991835	0.02982123	0.18867114	0.33348346			
HBA2_32600	360504	hba-a2	0.027777777777777776	0.5520635093252134	-1.0890753	1.0890753	1.0046419	-1.0030183	1.0046123	-1.000779	1.0287597	-1.0124303	-1.0139158	-1.0192642	-1.0890753	0.9040101	0.9053055	0.8929627	0.9797366	0.37989122	0.67380595	0.61685604	0.5599897	0.030363519			
HBB_8782	24440	hbb	0.029110936270653028	0.5520635093252134	-1.0874398	1.0874398	-1.007355	-1.0005621	-1.0045027	-1.0033203	1.0440509	-1.0095416	-1.0073291	-1.0078021	-1.0874398	0.8539066	0.9822761	0.8882377	0.90482986	0.2089364	0.6946433	0.8098867	0.8076577	0.060407106			
HMGB2_8808	29395	hmgb2	1.96811651249754E-4	0.08371315074221199	-1.1140536	1.1140536	-1.0939713	-1.1140536	-1.0594181	-1.068453	-1.0627081	1.021147	1.0285656	1.036453	1.092814	0.018289307	0.008716804	0.08651971	0.090642735	0.0778883	0.57872343	0.3693503	0.31866795	0.012880765			
HSD3B_8835	360348;682974	hsd3b1;hsd3b3	2.046245140167792E-4	0.08371315074221199	-1.6398826	1.6398826	-1.6398826	-1.3401365	-1.2780071	-1.4969679	-1.4428647	-1.5459992	-1.5717582	-1.5247082	1.5384547	0.0016396175	0.04057679	0.060255896	0.0061151967	0.027972862	0.023162678	0.0075649004	0.025560712	2.237207E-4			
IGSF6_8886	171064	igsf6	0.021204240848169634	0.5089269826205588	-1.2404231	1.2404231	-1.0603218	-1.0694473	-1.0351043	-1.0888433	1.0021522	-1.0066897	-1.1260947	1.0353513	-1.2404231	0.43941635	0.26567942	0.5717954	0.17440152	0.96442246	0.9400405	0.0996335	0.702657	0.10319959			
IL1B_8892	24494	il1b	0.004007212983370066	0.29314720812182743	1.075652	1.075652	1.0134447	1.036645	1.0410448	1.0410465	1.0260063	1.0360245	1.0456861	1.020226	1.075652	0.33082974	0.021094784	0.12964027	0.012367255	0.10291018	0.13958584	0.02487285	0.48817924	0.103506565			
IMPDH2_8901	301005	impdh2	0.04850964348334307	0.6372946672513239	1.06451	1.06451	1.0375255	1.0490221	1.0551356	1.0322623	-1.0267055	1.0310817	1.0431529	1.0061274	1.06451	0.07539313	0.037593435	0.085937195	0.3054725	0.27643	0.39647946	0.08228067	0.85293484	0.005009559			
LGALS3BP_8990	245955	lgals3bp	0.04202521512907745	0.6170572983237775	-1.0472555	1.0472555	-1.0208423	1.0148301	1.0318146	1.000332	1.0082784	1.0216374	1.0003338	1.0384858	-1.0472555	0.36809084	0.3913575	0.0721256	0.99011976	0.6783974	0.36231396	0.9849784	0.09251385	0.16354851			
LGALS4_32564	25474	lgals4	0.001201923076923077	0.16513480392156862	1.4238081	1.4238081	1.2851837	1.2004801	1.145856	1.1328697	1.1433704	1.1731963	1.2035034	1.1274616	1.4238081	0.05490947	0.11147437	0.16990347	0.29167786	0.1616467	0.16417955	0.07333832	0.24409884	0.04392556			
LIG1_8999	81513	lig1	0.049111599121581154	0.6372946672513239	1.1186372	1.1186372	1.0679486	1.036139	1.0306906	-1.0024785	1.048101	1.0555671	1.0707512	1.1186372	-1.1028637	0.1804215	0.40248188	0.70723134	0.96038353	0.21630172	0.29001892	0.11122112	0.0058362833	0.11159805			
LOC100361706_33302	100361706	iglc1	3.92156862745098E-4	0.12376933895921238	1.1086464	1.1086464	1.0742178	1.0490477	1.0295843	1.04377	1.0117412	1.0225202	1.0513268	1.030407	1.1086464	0.019406412	0.14230856	0.25981972	0.096169926	0.68426627	0.39300102	0.11693964	0.17958628	8.4990467E-4			
LOC100910978_33295	100361383	ecm2	0.03429137760158573	0.580571584973656	-1.19943	1.19943	-1.0859126	-1.1582762	-1.188204	-1.19943	-1.0938282	1.0438635	-1.0712929	-1.0738478	1.0944316	0.43516123	0.11755248	0.06868124	0.0554263	0.3273729	0.6231045	0.4082003	0.44382226	0.24481909			
LOC100911481_33186	689116	ncbp2	0.036234662576687116	0.5806908176979324	1.7288252	1.7288252	1.6145211	1.7262738	1.4977673	1.468569	1.4551418	1.3729872	1.2393711	1.0567579	1.7288252	0.06267485	0.032644812	0.11866105	0.18023022	0.15258636	0.3770932	0.5769156	0.9158517	0.032124203			
LOC102553917_33088	102548633;102551714	znf431l;zfp120l2	0.02814406612871482	0.5520635093252134	1.0626639	1.0626639	1.0310942	1.0065211	1.0216666	1.0238711	-1.0026696	1.030414	1.0314474	1.0626639	1.0605686	0.13283405	0.7428517	0.37427628	0.059660986	0.8903942	0.3675527	0.06878229	0.025981274	0.10783359			
LOC102555634_32355	102555634	igtpl1	0.03829612942862994	0.5852584054665431	-1.8956268	1.8956268	-1.3654108	-1.2141396	-1.2690581	-1.3465651	-1.5307922	-1.3000586	-1.158124	-1.3017759	-1.8956268	0.23648633	0.2419907	0.05422684	0.19521111	0.038288195	0.050452895	0.12099165	0.2415669	0.13069092			
LOC259245_33313	259244	mup4l4	1.9109497420217848E-4	0.08371315074221199	-2.678448	2.678448	-2.295712	-1.854026	-2.1306324	-1.9313337	-2.678448	-2.2371566	-2.1105764	-1.8396238	-1.419459	0.019404467	0.013601948	0.006143085	0.011937495	0.0022935153	0.004857456	0.0062906747	0.014951805	0.090201356	0.0	0.01	
LOC287167_9118	287167	hba-a3	0.031206794390677466	0.5578411247257671	-1.105088	1.105088	1.0091928	-1.0150875	-1.0175163	-1.0214064	1.0041401	-1.0137743	-1.0539715	-1.0553176	-1.105088	0.79601145	0.66150725	0.6788521	0.5831414	0.9396464	0.67821944	0.18485624	0.14087115	0.06675413			
LOC500183_9125	102551491	igkv8-30l1	0.010953112990007686	0.4456543064547773	1.06163	1.06163	1.0453055	1.0273678	1.0429112	1.0444709	1.023756	1.0242528	1.0437447	1.0533129	1.06163	0.094682306	0.33125946	0.03000367	0.02313797	0.32867724	0.40134248	0.06532989	0.016663786	0.0037983453			
LOC680329_9133	680329	igll2	0.03756050338818974	0.5829157192492702	1.0479482	1.0479482	1.0147805	1.0118229	-1.0025702	1.0030445	-1.0247153	1.0024784	1.0071282	-1.0015843	1.0479482	0.48382342	0.55578387	0.8997473	0.864924	0.19496548	0.9082601	0.7392742	0.93761486	0.110998414			
LOC690911_9146	690911	spen	0.008198360327934412	0.4003199360127974	-2.0523486	2.0523486	1.1267184	-1.152777	-1.1027806	-1.1654923	1.1505144	1.0511099	1.04631	1.2166291	-2.0523486	0.3048535	0.3631708	0.4989966	0.28384906	0.30438033	0.8146468	0.75874275	0.35222614	0.15785122			
MCPT8L2_32783	408240	mcpt8l2	0.03484320557491289	0.5806908176979324	1.8522414	1.8522414	1.1067858	1.3412805	1.2776265	-1.4073511	1.079031	1.4196881	1.5576781	1.2463268	1.8522414	0.7438133	0.2539031	0.4948478	0.31697938	0.8731951	0.06659809	0.06605393	0.08541952	0.0023663337			
MET_9220	24553	met	0.04983257829426827	0.6372946672513239	-1.101075	1.101075	-1.0220767	-1.0479175	-1.0306824	-1.0874633	-1.0469319	-1.0115864	-1.0468552	-1.0147278	-1.101075	0.55085665	0.16596486	0.5822219	0.020537201	0.13755238	0.82056016	0.2627527	0.7507896	0.017909406			
MGP_33209	25333	mgp	0.014254165830154587	0.4602716127737013	1.107097	1.107097	1.031972	1.0196904	1.0192615	1.013008	-1.0190504	1.0144188	1.0151708	-1.009924	1.107097	0.23239614	0.5708168	0.6193622	0.6830427	0.49620807	0.58015174	0.6486509	0.78710055	0.041571554			
MIF_9231	81683	mif	0.005255985984037376	0.31419437340153455	1.0624775	1.0624775	1.0584224	1.0482948	1.0353155	1.0501614	-1.008485	1.0421326	1.045096	1.0032526	1.0624775	0.012128617	0.023093635	0.1813852	0.043559484	0.73114145	0.07370653	0.040986434	0.881563	0.008171338			
MPC2_33219	100359982	mpc2	0.022090407036203723	0.5089269826205588	-1.436947	1.436947	-1.436947	-1.1463857	1.0549003	-1.0734516	-1.0112354	-1.0272071	-1.1888902	-1.016665	1.1199147	0.0041422215	0.11653557	0.46765077	0.63156646	0.90461355	0.66737336	0.021696363	0.8816324	0.24977328			
MS4A1_32977	309217	ms4a1	0.007012076353720296	0.3787960013875311	1.0859984	1.0859984	1.0574114	1.0499731	1.0282872	1.0382657	-1.0157326	1.0314875	1.0550663	-1.0000852	1.0859984	0.03294437	0.07799336	0.44168293	0.216717	0.56807905	0.23351386	0.15502442	0.9978016	0.020985566			
MYH4_32551	360543	myh4	0.0013803983435219877	0.16513480392156862	-2.6249735	2.6249735	-2.3787324	-2.6173003	-2.2221575	-2.6249735	-2.005692	-1.9515042	-2.4343967	-1.81049	-1.6943853	0.017696777	0.0045036813	1.6750551E-5	0.004196585	3.896019E-4	0.029795254	7.9926837E-4	7.560099E-5	0.0038682965	0.0	0.01	
MYL2_32406	363925	myl2	2.090738030524775E-4	0.08371315074221199	-1.6549197	1.6549197	1.0404764	1.0438712	1.0385585	1.032296	1.0405815	-1.0000286	1.0136565	1.0154575	-1.6549197	0.17907645	0.054068565	0.102518894	0.2817588	0.050014812	0.99888515	0.5878002	0.5197294	9.680116E-4			
MYLPF_32295	24584	myl11	0.03671221700999388	0.5806908176979324	-1.4235746	1.4235746	-1.0982221	-1.3697543	-1.4080561	-1.2394848	-1.407303	-1.4182249	-1.4235746	-1.2726948	-1.2429612	0.18744041	0.06767486	0.018051008	0.0060269213	0.06643636	0.0172084	0.0030088616	0.0066239256	0.038391147			
NDUFB8_33155	293991	ndufb8	0.039173228346456694	0.5941272965879265	1.0515245	1.0515245	1.0291728	1.0409887	1.0406317	1.0359359	-1.0258955	1.0243022	1.0228158	1.0134193	1.0515245	0.25082922	0.046067566	0.10664926	0.10490122	0.31783366	0.22414912	0.21904781	0.627407	0.012845863			
NFKBIB_9308	81525	nfkbib	0.02022022022022022	0.5089269826205588	1.1254973	1.1254973	1.0704412	1.0486165	1.0858755	1.0768325	1.0548646	1.0656208	1.1254973	1.0633504	1.1044894	0.13260806	0.28823653	0.022855	0.029375706	0.09573647	0.12910543	0.0047069164	0.20369887	0.016684527			
NIPSNAP1_9317	360971	nipsnap1	0.011368015414258189	0.4456543064547773	-1.1239285	1.1239285	-1.0522496	-1.1025903	-1.0508521	1.0770338	-1.1239285	1.0233378	1.0007381	-1.0382365	1.1155539	0.21525039	0.083930366	0.4344232	0.121755466	0.13371257	0.4824342	0.98561597	0.5328674	0.053779554			
NPM1_32887	100363637;25498	npm1-ps19;npm1	0.0017671313567641862	0.17688984881209505	1.0489167	1.0489167	1.0259128	1.0282261	1.0206953	1.0248961	-1.0096574	1.0256156	1.0234369	1.0068942	1.0489167	0.08509798	0.045830797	0.2547877	0.18423596	0.4757001	0.08005233	0.115367986	0.66599953	0.0024504068			
NUP85_9382	287830	nup85	0.03158310303987367	0.5578411247257671	1.0907886	1.0907886	1.0362556	1.0223787	1.0781003	1.0425978	1.0263146	1.0481334	1.0615755	1.0907886	1.0437715	0.04769775	0.5569225	0.015275627	0.06489651	0.51371276	0.0078425445	0.052974824	0.0020864091	0.012670893			
OBP3_33099	259247;108348231;362527	obp3;mup4-ps1;mup4	7.487832272557095E-4	0.12376933895921238	-8.695573	8.695573	-3.1567488	-8.695573	-3.506426	-6.026612	-6.648421	-4.511591	-4.291635	-2.818559	-2.948031	0.028512878	0.008934149	0.02509835	0.01204287	0.010207915	0.015494654	0.022558833	0.035729457	0.055674363	0.0	0.01	
OSTF1_33042	259275	ostf1	0.04911814906125545	0.6372946672513239	1.0273565	1.0273565	1.004466	-1.0008576	1.0063636	1.0066373	-1.0154349	1.0077146	1.000339	1.0050116	1.0273565	0.7446148	0.9505841	0.6561629	0.62272865	0.3607674	0.5463716	0.982567	0.7058866	0.06839295			
PDGFB_33104	24628	pdgfb	0.038193018480492814	0.5852584054665431	-1.7916533	1.7916533	1.0772233	-1.2985233	-1.0990299	1.0049012	1.0760435	-1.0012784	-1.3794016	1.0657474	-1.7916533	0.6645687	0.23834687	0.4952176	0.9758502	0.42025268	0.9922486	0.24804775	0.6629485	6.8161753E-4			
PF4_32963	360918	pf4	0.047581284694686754	0.6372946672513239	1.0495225	1.0495225	1.02955	1.0236182	1.0471649	1.0250835	1.0168977	1.0089356	1.0413638	1.0185742	1.0495225	0.17871964	0.31125015	0.06697195	0.13710651	0.41910997	0.67799604	0.046440963	0.43930045	0.062357277			
PFDN4_33123	100366237	pfdn4	0.028698855923986813	0.5520635093252134	1.0469584	1.0469584	1.0259912	1.0186443	-1.0028843	1.0187836	-1.0217186	1.0089507	1.0153083	1.0028926	1.0469584	0.08580507	0.3533729	0.892256	0.22170238	0.29714888	0.57181543	0.48544466	0.88772655	0.05104162			
PGAM2_32589	24959	pgam2	0.002688172043010753	0.24250919316461172	-1.703349	1.703349	1.01712	-1.0603694	-1.2602727	-1.0174468	-1.1096475	-1.0081712	-1.1142797	-1.0633916	-1.703349	0.8658043	0.4914059	0.08761385	0.8510858	0.23612112	0.91641045	0.38340598	0.61450315	0.057201713			
PIGX_9477	288041	pigx	7.684918347742555E-4	0.12376933895921238	1.080719	1.080719	1.0754757	1.0625827	1.0630836	1.0770843	1.0136458	1.0778242	1.0604357	1.0704703	1.080719	0.022404501	0.00399267	0.05274614	0.0013066591	0.5619557	0.0010647314	0.04198619	0.0058391984	0.02036805			
PLA2G2D_9493	298579	pla2g2d	0.017913385826771655	0.4867506039089378	-1.677304	1.677304	-1.677304	1.1919122	-1.2233828	1.03297	1.0482247	1.3376951	1.2058356	1.3473175	1.0491968	0.08249422	0.30381998	0.3673428	0.758417	0.67532665	0.013097105	0.118296385	0.0010992278	0.8288266			
PLAC8_32356	360914	plac8	0.044491937050709154	0.6281873888120182	1.0426457	1.0426457	1.0185311	1.0199844	1.0069613	1.013305	-1.009479	1.0123501	1.0085284	-1.001099	1.0426457	0.23320988	0.30131882	0.7625151	0.47584614	0.5842989	0.47994024	0.67868245	0.9519995	0.022334848			
PLEK_33161	364206	plek	0.03450949980612641	0.580571584973656	1.0715883	1.0715883	1.0385115	1.0715883	1.069028	1.0478721	1.0158026	1.0406945	1.0493914	1.0296712	1.0452831	0.027891979	0.0033438373	0.0073964484	0.09745654	0.40730074	0.025798297	0.009657679	0.093870826	0.09962066			
POLR3D_9526	306012	polr3d	0.0259765625	0.5520635093252134	1.3642253	1.3642253	1.2415531	1.2291728	1.2071377	1.2686628	1.1964393	1.1806388	1.2148893	1.3642253	1.2195101	0.10892923	0.11880426	0.17387915	0.1050736	0.19735365	0.23020226	0.12501334	0.013406981	0.15483896			
PPIA_32595	25518	ppia	0.031335683509596556	0.5578411247257671	1.0326552	1.0326552	1.0068672	1.0099462	1.0037289	1.0073383	-1.02419	1.0040596	1.0095073	-1.0082085	1.0326552	0.56511384	0.46918556	0.7985857	0.6359505	0.10359955	0.7221431	0.4380138	0.5422591	0.013404653			
PRAF2_9555	367743	praf2	0.03176517893043828	0.5578411247257671	-1.056256	1.056256	1.0169656	-1.0152167	1.0314062	1.0421323	-1.0155407	1.0318274	1.0505904	1.0366001	-1.056256	0.5318125	0.5206479	0.1013977	0.20298387	0.41521403	0.06673	0.10265151	0.22933875	0.3416114			
PSIP1_9585	313323	psip1	7.85700255352583E-4	0.12376933895921238	1.0643622	1.0643622	1.0103221	1.0135303	1.0125396	1.014292	-1.0181108	1.0201863	1.0229765	1.0134087	1.0643622	0.4292778	0.26468688	0.4371277	0.30631226	0.32009053	0.12879778	0.22462617	0.42940986	0.013712818			
PSMB9_9592	24967	psmb9	0.03516396681153694	0.5806908176979324	1.0615087	1.0615087	1.0431713	1.060188	1.0575409	1.060412	-1.0015087	1.023406	1.0575869	1.0429465	1.0615087	0.040998403	0.0071369857	0.15167621	0.015069146	0.9495635	0.26844397	0.038167547	0.12292643	0.010719412			
PSMC1_32624	117263	psmc1	0.011288439081354613	0.4456543064547773	1.0437443	1.0437443	1.0226468	1.0306365	1.0396543	1.0315214	1.0012703	1.0388243	1.0352978	1.0263423	1.0437443	0.23544036	0.053682707	0.058308583	0.076025546	0.94435304	0.005102471	0.017601117	0.06776238	0.002871944			
PSMD4_9599	83499	psmd4	0.02743961352657005	0.5520635093252134	1.029588	1.029588	1.010437	-1.0007671	1.0114721	1.0192815	-1.0291893	1.0164363	1.0144897	1.0099195	1.029588	0.47574222	0.93059105	0.3243296	0.09405674	0.083242215	0.1974162	0.21115115	0.25459465	0.012853503			
RAB27A_9638	50645	rab27a	0.04625292740046839	0.6361511012673804	1.0413992	1.0413992	1.018743	-1.0157301	1.0144355	1.02363	-1.0142521	1.0286382	1.0278052	1.0302036	1.0413992	0.4418691	0.39272985	0.41357455	0.1881933	0.56089866	0.09000759	0.17343676	0.067141116	0.020687452			
RAC2_9646	366957	rac2	0.022975077881619937	0.5089269826205588	1.0508218	1.0508218	1.0299147	1.0380955	1.032434	1.0335735	-1.014768	1.036881	1.0288484	1.0229762	1.0508218	0.1318757	0.009302341	0.10413035	0.2087602	0.4420087	0.0117069455	0.08867152	0.20715143	2.2732886E-4			
RNASET2_32523	292306	rnaset2	0.0036886041545331006	0.28402251989904875	1.0420196	1.0420196	1.0192472	1.0169258	1.0212111	1.0154866	-1.0031893	1.0124922	1.0089949	1.0069631	1.0420196	0.22446142	0.14925312	0.11625304	0.257726	0.85068655	0.25871238	0.516887	0.61480904	0.005594924			
RPA3_9723	296883	rpa3	0.04794387059052816	0.6372946672513239	1.0627667	1.0627667	1.0543094	1.0295639	1.0109468	1.0158823	1.0045115	1.007218	1.0223973	1.0094856	1.0627667	0.024430877	0.37042734	0.7428227	0.53709537	0.8218115	0.73516524	0.52889115	0.7254768	0.044265836			
RPF2_9724	294436	rpf2	0.04481132075471698	0.6281873888120182	1.0727953	1.0727953	1.0302575	1.0425842	1.0164002	1.032422	-1.0364351	1.0442924	1.0387045	1.0019337	1.0727953	0.44791594	0.15613857	0.6255829	0.32259813	0.23694755	0.16410846	0.18052582	0.95032924	0.015578297			
RPL19_9731	81767	rpl19	0.01419957206769111	0.4602716127737013	1.039475	1.039475	1.0239303	1.023072	1.016808	1.0241491	1.000172	1.0232679	1.0253425	1.0107746	1.039475	0.091367826	0.11861084	0.33434534	0.12023388	0.991518	0.10045666	0.11956494	0.53022283	0.010333365			
RPL35_32720	296709	rpl35	0.049461123941493455	0.6372946672513239	1.0391587	1.0391587	1.0096757	1.0128827	1.0042441	1.010136	-1.019879	1.0074337	1.0131966	-1.0148438	1.0391587	0.50057274	0.40538648	0.81423384	0.5400999	0.28952563	0.7126449	0.43398166	0.5302019	0.017848011			
RPN1_9740	25596	rpn1	0.01266308518802763	0.4503812302506118	1.0456156	1.0456156	1.0290514	1.0407118	1.0348119	1.0230354	-1.0008477	1.0180311	1.0253301	1.0380989	1.0456156	0.05761479	0.020524139	0.0500817	0.19393724	0.9635561	0.28041953	0.12939012	0.10945224	0.027727574			
RPS19_33100	29287;100362339;100360843	rps19;rps19l4;rps19l3	0.020057859209257473	0.5089269826205588	1.0341291	1.0341291	1.0144472	1.0185025	1.0072311	1.0126038	-1.0136703	1.0178002	1.0167185	1.0084764	1.0341291	0.22426245	0.11604857	0.6578268	0.38734344	0.3223991	0.09951933	0.19366856	0.5089179	0.007367658			
RPS27A_32458	100912032	rps27a	0.011372549019607842	0.4456543064547773	1.0532327	1.0532327	1.0236807	1.0244884	1.0002767	1.0176626	-1.0068153	1.005816	1.0172145	-1.0045252	1.0532327	0.14370087	0.21150964	0.9897924	0.3078644	0.683265	0.74081945	0.39898112	0.8512178	0.013699521			
RPS5_9747	25538	rps5	0.028554778554778556	0.5520635093252134	1.0361542	1.0361542	1.0158622	1.0179205	1.0106846	1.0102248	-1.0135443	1.0155151	1.0139177	1.0065666	1.0361542	0.21503228	0.20486146	0.5256842	0.51745236	0.3693491	0.25105065	0.3515488	0.6829355	0.011488825			
RPS6_32332	29304	rps6	0.01241168607981669	0.4503812302506118	1.0361221	1.0361221	1.0116954	1.0180339	1.0045472	1.0102148	-1.0125266	1.0162209	1.0120908	1.0103866	1.0361221	0.29740986	0.14394821	0.7757035	0.45096007	0.35518852	0.13357459	0.41250554	0.45829362	0.01744464			
RT1-A2_33098	24974	rt1-a2	0.0053254437869822485	0.31419437340153455	-1.1316406	1.1316406	1.0356138	1.0090561	-1.0079479	-1.0205429	-1.0011287	1.0440496	-1.0052817	1.0685127	-1.1316406	0.21682961	0.78462476	0.8446191	0.6380988	0.9684015	0.3180435	0.8696527	0.29839572	0.0013896553			
RT1-A2_9758	24974	rt1-a2	0.005335968379446641	0.31419437340153455	-1.1190681	1.1190681	1.0639825	1.0199268	1.023472	-1.0097055	1.0017449	1.0450706	-1.029265	1.0660902	-1.1190681	0.035193276	0.5521902	0.49056575	0.8162254	0.955411	0.38136286	0.43587777	0.27037492	0.010194756			
RT1-CE10_32808	414792;24977;24737;309607;414819;414270;414789;309600	rt1-ce10;rt1-cl;rt1-ec2;rt1-ce5;rt1-ce16;rt1-ce14;rt1-ce15;rt1-ce12	0.017639077340569877	0.4867506039089378	1.0600643	1.0600643	1.027472	1.0225811	1.0090798	1.0008864	-1.013477	1.026335	1.0009786	1.0600643	-1.0562308	0.2440477	0.31475985	0.68080735	0.9720754	0.5027674	0.44266254	0.9554482	0.15609914	0.018246144			
RUP2_9767	619560	rup2	0.03137789904502047	0.5578411247257671	-2.8917801	2.8917801	-1.4992808	-1.9047861	-2.6454713	-1.2347554	-2.3931491	-1.567915	-1.6733221	-2.8917801	-1.2791058	0.11815132	0.030468142	0.008064601	0.5198279	0.007655196	0.040677506	0.098129995	0.0015038156	0.24618903	0.1	0.3	
S100A8_9774	116547	s100a8	8.036970062286518E-4	0.12376933895921238	1.1795048	1.1795048	1.0263883	1.0965579	1.0883218	1.0099161	1.1370431	1.0417886	1.0904834	1.1153113	1.1795048	0.478591	0.005831286	0.16774012	0.7948596	0.03662102	0.55208075	0.031604882	0.0035870443	0.057130616			
S100A9_9775	94195	s100a9	0.00482315112540193	0.3141081963097778	1.1253653	1.1253653	1.0286388	1.0562148	1.0652542	1.0159657	1.1082212	1.0466086	1.049696	1.0996579	1.1253653	0.15508477	0.010415561	0.20221373	0.5983732	0.029088242	0.26319793	0.11655493	2.847164E-4	0.13533877			
SEC11C_9799	266758	sec11c	0.004099960952752831	0.29314720812182743	1.0687057	1.0687057	1.0125079	1.0165982	1.0057124	1.0123461	-1.0131575	1.0130507	-1.0085024	1.0110782	1.0687057	0.59896094	0.38075325	0.78089756	0.5038807	0.5346828	0.45548525	0.6845033	0.619974	0.026523547			
SKP1_9831	287280	skp1	0.028840607575466255	0.5520635093252134	1.0395089	1.0395089	1.0205724	1.017566	1.0081725	1.0306158	-1.0104634	1.0369006	1.0224093	1.0395089	1.0360687	0.22138283	0.14020634	0.5856849	0.0110738985	0.5890967	0.062614314	0.141711	0.014846956	0.022456251			
SLC16A7_9838	29735	slc16a7	0.04058252427184466	0.6018238043869112	-1.114875	1.114875	-1.016633	1.0134028	-1.0101773	1.0270989	1.0041307	1.0302318	-1.0103586	1.0507768	-1.114875	0.7401204	0.77258515	0.8142069	0.55744976	0.9219978	0.70619047	0.83974826	0.3941636	0.02927559			
SLC25A4_9857	85333	slc25a4	0.008773640085786703	0.4182101774224995	1.0795925	1.0795925	1.0525689	1.0563127	1.0535456	1.0550214	1.0255245	1.0795925	1.0764344	1.0757909	1.047278	0.16191436	0.002466684	0.063644364	0.027726617	0.35558885	1.9171118E-4	9.885997E-4	0.004310991	0.18834943			
SLC7A12_32838	294881	slc7a12	0.0022240194096239383	0.2120231837174821	4.5029287	4.5029287	2.1226566	2.4071498	2.4124417	1.8413568	1.6731552	2.6368666	2.1117954	1.5764431	4.5029287	0.19369926	0.16615659	0.1391869	0.41783115	0.46347764	0.026871277	0.30615178	0.37354955	0.025745098	3.0	10.0	
SNRPF_9910	680737	snrpf	0.006751543209876543	0.3754608196159122	1.0563554	1.0563554	1.039972	1.037799	1.0257932	1.0290587	1.0041139	1.028221	1.0358603	1.0070843	1.0563554	0.05231956	0.0598776	0.24693103	0.16612774	0.84734595	0.21876046	0.12559679	0.80341	0.017035414			
SOCS3_32863	89829	socs3	0.046006264682850434	0.6361511012673804	1.2203094	1.2203094	1.1520151	1.0616685	1.1228274	1.1553717	1.1384677	1.2203094	1.105733	1.1411663	1.1550624	0.06453289	0.4543547	0.07778191	0.03012893	0.049062755	0.0034347938	0.19059648	0.034119952	0.20527606			
SPP1_9929	25353	spp1	0.027054108216432865	0.5520635093252134	-1.6973939	1.6973939	1.0418148	1.1493775	-1.6973939	-1.0323521	-1.0018674	-1.0779023	1.0078154	-1.2513314	1.4011201	0.81080407	0.37587103	0.003516854	0.8853898	0.9815718	0.72711086	0.9544848	0.24301605	0.0017181368			
SRFBP1_9940	291469	srfbp1	5.915992900808519E-4	0.12376933895921238	-1.1476415	1.1476415	-1.011234	-1.0758017	-1.0580531	-1.0964639	-1.1476415	-1.0616727	-1.1028197	-1.1462795	1.0986912	0.64025724	0.04745779	0.05045565	0.0038325386	0.03194016	0.12672849	0.03864882	0.029681148	0.028042933			
STEAP4_32408	499991	steap4	0.0035530990919857876	0.28402251989904875	1.2867361	1.2867361	1.1258473	1.0421236	1.022655	1.1587769	1.0779141	1.035633	1.0068828	1.183257	1.2867361	0.15883051	0.77464503	0.82370526	0.036750805	0.38122484	0.6203586	0.9248998	0.055720344	0.0016820937			
SULT1B1_32942	64305	sult1b1	0.03683702989392478	0.5806908176979324	-6.463213	6.463213	-1.216359	-1.9159611	-1.9084814	1.2353742	-1.9245261	-2.2977297	-2.114238	-6.463213	-3.2815318	0.61009556	0.17947835	0.18141016	0.55511165	0.09596161	0.07055522	0.27310082	0.0055435398	0.030996015	30.0	100.0	
SULT1C2_33309	171072;316153	sult1c2;sult1c2a	0.03303834808259587	0.5653228449688626	-1.591409	1.591409	-1.4460131	-1.2804508	-1.1888275	-1.1572549	-1.591409	-1.4750736	-1.5177047	-1.5896945	-1.2504001	0.0044289897	0.095677055	0.2949098	0.27781048	0.006680483	0.0042344127	0.06407547	0.0077880467	0.4715208			
TG_32506	24826	tg	0.0013589594253543	0.16513480392156862	-1.2528825	1.2528825	-1.1318278	-1.181863	-1.1809869	-1.1454372	-1.1999788	-1.2528825	-1.20348	-1.2352409	-1.153198	0.058786713	0.0160896	0.020222435	0.039048	0.017839773	0.007974152	0.010426044	0.00881105	0.06055597			
THAP11_10011	307806	thap11	0.015946709729511507	0.48653871231610024	-1.4010789	1.4010789	-1.0256377	1.1077447	-1.0084846	-1.0213366	1.0780475	1.0881872	1.0734264	1.0641078	-1.4010789	0.7746214	0.29396167	0.9464303	0.8044829	0.33922076	0.56308097	0.52280474	0.6177028	0.0085134			
TNNC2_32753	296369	tnnc2	0.018478044903636002	0.4867506039089378	-2.1491058	2.1491058	-1.5750701	-1.7789766	-1.8989004	-2.1491058	-1.5701151	-1.6569839	-1.6756358	-1.935632	-1.3836745	0.06481649	0.01697381	0.006366354	0.024644747	0.026906226	0.043053422	0.011715061	0.004915082	0.085887596	0.3	1.0	
TRAPPC6A_10076	680465	trappc6a	0.02889496290511519	0.5520635093252134	1.0773599	1.0773599	1.058743	1.0414907	1.0773599	1.0587032	-1.0144657	1.0514939	1.0549104	1.0357172	1.0734569	0.054403935	0.042239062	0.042884264	0.06280249	0.67592025	0.07821123	0.086084425	0.2825557	0.0021987408			
TYROBP_10115	361537	tyrobp	0.03276100256562068	0.5653228449688626	1.0322534	1.0322534	1.0308015	1.0280008	1.026793	1.0305235	1.0150315	1.0188895	1.0273376	1.025273	1.0322534	0.014068712	0.057970695	0.046203423	0.020612128	0.3947557	0.13316895	0.038159117	0.21107896	0.009392636			
UGT2B15_33121	29623	ugt2b37	0.0365925634467834	0.5806908176979324	-3.393624	3.393624	-1.778191	-1.9921944	-1.6745592	1.1615659	-1.7627709	-1.5978009	-1.4301218	-3.393624	-1.1621131	0.105948955	0.03193692	0.06979465	0.5024652	0.02197187	0.04921066	0.17605393	0.0011795303	0.43227527	30.0	100.0	
VAPB_10147	60431	vapb	0.014230019493177388	0.4602716127737013	1.1838583	1.1838583	1.1367823	1.1291977	1.1173398	1.1270792	1.0693874	1.1634774	1.1786515	1.1838583	1.0326264	0.11079088	0.05524321	0.06848219	0.032084662	0.20342301	0.008367661	0.0056361943	0.018079653	0.5246497			
